#rank	DIAMOnD_node	p_hyper
1	7030	1.919880422785682e-05
2	22797	2.7670569435710493e-05
3	7942	1.2172459599117422e-06
4	10457	1.1965675365581081e-05
5	163882	0.0001070545714755994
6	652991	0.0010300336116350198
7	2705	0.0016023768478013426
8	7422	0.0018318808227588007
9	2353	0.001311446562534284
10	91283	0.00019996950514690335
11	83877	0.000273705670993923
12	3726	0.0003455912477065381
13	3725	0.0001365526894279807
14	9358	2.063270877485275e-06
15	646999	6.659687526099107e-06
16	27436	1.84663405938258e-05
17	1490	2.2451701609172574e-05
18	4779	2.482593994077991e-05
19	11016	9.64263830807683e-07
20	43	1.1351197422061155e-06
21	1386	1.0861289401291296e-07
22	122953	1.5759010098797025e-07
23	9586	1.919769130264677e-08
24	1649	9.334200047426676e-10
25	468	3.854897307205037e-11
26	2354	8.531239627421082e-13
27	1054	1.5563232527975291e-12
28	55509	1.7090650333315423e-12
29	8061	1.0280885108480984e-12
30	1050	5.0469685402622286e-14
31	1053	1.0208952559397455e-14
32	10538	2.437898498431929e-14
33	467	4.6012604046008156e-14
34	1628	1.0385844606106755e-13
35	3131	8.6716402413889535e-16
36	116071	1.3628088074006271e-14
37	3727	2.228454175373239e-14
38	7008	2.749946878871574e-14
39	2355	6.571761557299052e-13
40	9935	2.0722276602985842e-12
41	1052	7.201626185563461e-13
42	1051	2.9535935687391955e-13
43	571	1.4719174689300362e-12
44	4097	2.8462490545212604e-13
45	4094	2.3494757176218314e-12
46	1387	3.772447682804617e-13
47	7975	3.402135540481162e-13
48	4088	2.989151013254652e-12
49	466	3.4631067583988017e-12
50	10011	1.9599172192385764e-13
51	1385	2.386760568962317e-14
52	4783	3.3226535841355834e-13
53	25820	6.876467362300303e-13
54	222659	1.1338599812227564e-11
55	60468	2.027992270988107e-11
56	3687	3.9300569362690356e-11
57	2033	7.768923450568535e-11
58	22809	1.5046911692524896e-12
59	554226	9.221233040884375e-12
60	2034	1.1343574527205885e-11
61	5970	2.821486075715824e-11
62	727758	3.516782497069795e-11
63	23764	3.841531200282561e-12
64	1843	1.2079723589740223e-11
65	6774	5.1319413340193734e-12
66	152687	2.725201197309941e-12
67	2099	5.251884171336421e-12
68	92565	1.4561539348025243e-12
69	11243	2.44561189138823e-12
70	688	3.0891010559196502e-12
71	3066	3.214938044765509e-13
72	146862	8.861450217497705e-14
73	255403	1.0222461851546512e-13
74	4790	1.4391123350891824e-13
75	3065	2.0735120763532166e-14
76	2908	2.8921703971037667e-15
77	602	5.559691393514232e-15
78	55672	3.190342675358315e-16
79	54475	3.659130565278121e-16
80	6667	6.145005762373409e-16
81	108281161	8.180745389707727e-16
82	1958	7.756050621268482e-16
83	100462977	1.5754287520485134e-16
84	3558	3.1210880053086185e-16
85	4780	5.415851821510619e-16
86	672	3.364151062219699e-16
87	6597	1.8527553910622354e-16
88	6772	7.438795490799161e-17
89	25942	1.175687790155376e-17
90	23759	1.3766394507831157e-18
91	5594	5.8447542100446045e-18
92	861	4.996907181526612e-19
93	5468	1.9465006788493574e-18
94	4261	2.169859907832867e-19
95	595	8.508755730985775e-18
96	4609	7.461872113379e-18
97	150223	7.014341437608441e-19
98	6598	2.4699320824625614e-19
99	55269	2.1949489682406445e-20
100	648691	3.560938045416673e-20
101	3397	5.582764226788278e-20
102	6256	5.2990727620140044e-20
103	11209	1.9127267928267478e-20
104	54663	3.672815013257841e-20
105	2959	3.1724306673308836e-20
106	2962	1.857301756168437e-20
107	23532	1.1817100386378552e-21
108	6722	1.3929026027161303e-21
109	129025	5.860519194877617e-23
110	3659	2.4358731528607016e-22
111	23753	6.0191010914095106e-24
112	6908	6.857992250533416e-24
113	8021	8.078907563082248e-25
114	6688	2.020162144411223e-23
115	9609	5.9906218682439605e-24
116	55290	6.828670963686723e-24
117	164592	6.761501096784214e-25
118	9126	5.735203251192553e-24
119	140883	1.198120541142766e-25
120	2972	1.421348127324858e-25
121	27156	1.5808816479667268e-26
122	4601	8.619655002677364e-27
123	613	1.7076871206659026e-27
124	9324	3.2540520595014816e-27
125	10155	5.204757693597779e-27
126	5297	1.7662805127143597e-28
127	9342	3.24541023699681e-28
128	55814	7.290867812698201e-29
129	10009	4.311907701305837e-28
130	29799	8.830312638758998e-30
131	83543	1.5680652742102208e-29
132	51341	6.188787754088518e-30
133	100506241	4.050123167156442e-29
134	7936	3.2330390486088795e-30
135	7518	6.645036837415896e-30
136	84929	1.4010167208718673e-30
137	2624	3.348748292662804e-29
138	4778	1.7544802929301558e-30
139	26226	4.884835842131539e-31
140	8940	5.721415587816236e-30
141	10782	7.771791067598265e-31
142	9659	6.906454784366777e-29
143	7392	7.239191963927455e-29
144	924	3.481825933526458e-30
145	9869	1.5756364110810896e-29
146	347148	3.211030101607795e-31
147	27037	8.718241282782109e-29
148	905	3.847521346045754e-30
149	80764	7.567438961114329e-30
150	5902	1.9917877898899613e-29
151	2113	5.226525666286432e-29
152	128989	6.847007725886685e-31
153	140690	6.862316772549579e-30
154	7290	2.893705916039974e-31
155	64976	3.495471574131115e-31
156	1399	7.80579502050132e-31
157	6773	1.1805000136397582e-31
158	10127	4.798308696836155e-31
159	286336	3.685151246385362e-33
160	2812	1.8867394332469337e-30
161	9774	2.2681839406743826e-31
162	51548	2.438111491102471e-29
163	8343	1.1036093451261334e-30
164	26147	3.3468897436822074e-29
165	50854	2.0165351866280043e-28
166	6872	2.826576292003584e-29
167	79680	3.88003903955128e-30
168	4149	3.1585578223787304e-29
169	441951	3.748217264162837e-29
170	54584	1.9178856439040042e-28
171	26765	3.5018358761838885e-28
172	7182	5.858508936906635e-28
173	25	6.39240550612469e-28
174	6886	1.774441987103895e-27
175	26801	1.1954815820614472e-29
176	106479563	7.311194935292957e-29
177	8970	1.3250517646941886e-28
178	85236	9.324394256274255e-27
179	9127	1.5507533512621894e-26
180	3013	2.133985928466429e-26
181	8294	5.27211564109804e-26
182	6879	1.1599601565451036e-26
183	2623	1.905401026576316e-27
184	8348	2.9367936260962935e-27
185	8969	2.29912119983967e-26
186	1874	1.7842971984961427e-26
187	8841	2.504807970639649e-27
188	1104	2.1127598252682177e-26
189	8336	2.6305922402614267e-26
190	8351	1.6722996777257957e-27
191	2648	1.2856776307844137e-28
192	8366	1.5877193422043216e-27
193	8358	3.257028615351436e-26
194	23642	4.9773828326824264e-26
195	664709	5.362848551617271e-26
196	8335	9.485852073630915e-26
197	8367	2.4230529731023795e-26
198	5452	2.888515600688397e-27
199	3012	2.752288428710744e-28
200	100151683	4.8666942889794135e-28
