#rank	DIAMOnD_node	p_hyper
1	1141	4.887175559687477e-09
2	5066	4.7922018547760675e-06
3	3356	5.888526965732284e-06
4	5179	1.8768776895327713e-05
5	11255	2.0491630424254017e-05
6	2849	2.0985404651345516e-05
7	79971	6.346545530727883e-05
8	117	6.57690744841142e-05
9	3269	9.619706812603768e-05
10	1742	0.00014745454261328665
11	575	3.9324712603549606e-05
12	2861	0.00021883551873734002
13	6543	1.192028705989507e-06
14	51167	0.0002489997764318114
15	221491	0.0002543851593256467
16	57574	0.00025982755977118645
17	9816	0.0003649345258369837
18	79935	0.0004049313952968811
19	389177	0.0004133075725176311
20	339541	0.0004217682571908416
21	2701	0.00043031341194581257
22	8817	0.000438942999483206
23	57348	0.0004476569824640619
24	54929	0.0005559203357560041
25	2859	0.00046724392844588067
26	3761	0.00011500038634544089
27	54020	0.000194802698580866
28	2793	0.0004924915230697695
29	1395	0.0005017110952889743
30	7349	0.00020599446645113922
31	1394	0.000520402605709466
32	9144	0.000691403280585271
33	221188	0.00014188877988279954
34	56413	0.0002881615468122859
35	115330	3.7861902341544545e-05
36	90522	4.984753907989356e-05
37	56994	5.2772305943960225e-05
38	3357	4.2374867952300734e-05
39	3358	0.00011093555939668936
40	9772	3.672610538549489e-06
41	1739	0.00020676733129363075
42	57105	4.230821678275696e-05
43	57142	5.9352798513782295e-05
44	3736	1.254814185519653e-05
45	3738	4.326593343607816e-06
46	3739	1.8843247863133433e-07
47	6640	1.4373988349410525e-05
48	3741	2.8560290218801875e-06
49	9758	2.6592426596134247e-05
50	493	5.269052803584035e-05
51	1740	1.2497044941052576e-05
52	2977	2.301489061073486e-06
53	23513	1.590027444919748e-05
54	491	1.6028360964077902e-06
55	51248	8.446283118106594e-07
56	1741	1.4842925445469757e-06
57	2903	7.68457438475329e-07
58	642968	1.594572314433585e-06
59	10276	2.0348972408409508e-06
60	9419	2.094369340695256e-06
61	9229	2.8675108492185315e-06
62	58512	2.0214943122862252e-07
63	3759	4.301907526201179e-06
64	120406	4.510754207838758e-06
65	2904	7.269708301734946e-06
66	815	5.174752603546249e-06
67	57555	8.273491661983364e-06
68	2905	1.695403287020075e-05
69	55914	2.053645391782637e-06
70	88	4.0107392061376e-06
71	2902	2.8108478201042245e-06
72	6539	1.0562973361941462e-05
73	10257	1.9375147157426957e-05
74	9228	2.4401273616865485e-05
75	9863	1.911803529503264e-06
76	22941	1.1996679368003951e-05
77	153	2.6333862292733687e-05
78	85461	3.2830435257795296e-05
79	6641	2.768324661325056e-05
80	19	4.334482492403445e-06
81	8825	3.8574411350563086e-06
82	3768	1.1270812035890495e-06
83	64130	1.4542141543790374e-06
84	8573	2.5190649717502065e-07
85	320	2.988573203065229e-08
86	55327	5.624012418970515e-09
87	4355	1.5514198618208578e-07
88	6300	5.189061368562081e-05
89	2185	3.4432620083961966e-05
90	4904	2.428490301268635e-05
91	2898	2.3118655469398165e-06
92	25937	8.312825906881244e-06
93	6714	9.399359001434328e-06
94	2030	2.5192790853003537e-06
95	2534	2.8691283747801245e-06
96	85358	1.3160865120449387e-07
97	22839	9.991396560574174e-07
98	143098	7.609653310904946e-06
99	5786	9.26881265619052e-06
100	5791	1.4597773282416446e-06
101	2885	6.454541140560836e-06
102	1815	3.4442366730827475e-07
103	8506	3.2306933779445636e-06
104	87	3.5613666312112768e-06
105	4130	4.2260857122251176e-06
106	92591	9.063355631209803e-06
107	5775	9.638029624156391e-06
108	25	5.0220377462475325e-06
109	139716	1.5429368610235813e-07
110	80831	3.648209383553978e-07
111	4690	2.64562836254047e-07
112	11250	2.332712289926784e-09
113	29934	1.3231688584424157e-08
114	128853	5.2270037042955925e-08
115	2151	5.3638188631439e-08
116	1398	6.5894691350705e-08
117	6655	2.0469321603960836e-09
118	23114	2.7257838681519897e-09
119	56955	3.964104569958546e-09
120	2550	4.5341713529393634e-09
121	5295	3.2852289953263356e-09
122	9472	1.7297009336342138e-10
123	1795	1.791021331514261e-10
124	1748	5.062602716591818e-10
125	5335	7.320998789673088e-10
126	9784	8.350950452000973e-11
127	831	8.96692646848404e-11
128	3400	2.1262416282078446e-10
129	10278	2.3458367594839976e-10
130	64714	3.114628807983149e-10
131	9826	3.235149156798494e-10
132	50807	5.684735890991447e-10
133	6237	2.250063745632448e-09
134	2889	3.6514664006729798e-09
135	9564	2.0602867252531337e-09
136	5747	1.172971636563404e-09
137	6464	3.985078590284068e-10
138	9103	1.118958368584053e-09
139	1796	2.336217712409162e-09
140	1793	4.428394507384596e-09
141	9187	4.750084313896619e-09
142	29998	7.660335083930962e-09
143	9743	8.837941426455003e-09
144	2137	9.982159450268197e-09
145	114784	1.3730244713079739e-08
146	4739	1.5740612806619424e-08
147	2334	2.1947057171458202e-08
148	81875	2.3489659019730638e-08
149	9749	2.4113206995389195e-08
150	2213	2.7272863423175505e-08
151	4067	1.074179712526511e-08
152	5144	4.0275732208421e-09
153	867	9.896892733759563e-09
154	3815	2.5999619083065204e-09
155	3635	5.304898857256169e-10
156	613	7.105181727808271e-11
157	1399	1.7936292753141043e-11
158	5781	1.2482187564701931e-11
159	9846	4.334796287633112e-12
160	5829	6.792095409997057e-12
161	6654	1.025334655865532e-11
162	2549	9.693103014421749e-13
163	3055	3.804502389083157e-12
164	5921	2.80382873720898e-12
165	27	3.6728559523618196e-13
166	4233	6.479723870346935e-13
167	1501	1.0778819828975269e-12
168	2322	2.2088479294233435e-13
169	6850	3.967958237370893e-14
170	2064	6.656509282902936e-15
171	5777	2.5222808838969633e-15
172	5336	1.1025275019068194e-15
173	29760	4.12574745131857e-17
174	3717	2.6635312603590535e-15
175	2057	1.616644534890228e-16
176	8502	2.115720424195859e-15
177	7409	1.7073367423806178e-16
178	3643	1.5832764229326934e-17
179	8651	4.886534586091997e-18
180	25852	1.8017920861067556e-17
181	868	1.33451433831221e-18
182	1956	7.694696857451979e-19
183	3937	8.904574378093366e-20
184	5296	1.0730359580147258e-19
185	940	1.464310252945638e-20
186	1499	5.734673628026677e-21
187	6452	3.2622048334487385e-21
188	219681	6.103841308095199e-22
189	7535	7.230906013329837e-23
190	3932	6.888495776896918e-24
191	55156	1.2385663906937263e-23
192	10298	8.568537674342643e-25
193	2065	2.4892176872414744e-24
194	421	7.273693249556532e-25
195	5318	9.981304581443803e-25
196	2066	1.251144077978683e-25
197	150709	1.5632420992345731e-25
198	30011	9.326236931432853e-26
199	9576	2.857805885416276e-26
200	1436	1.1855476195148573e-26
