#rank	DIAMOnD_node	p_hyper
1	6009	1.2576149841345128e-09
2	55156	4.58164833845759e-09
3	1499	2.560993211092466e-08
4	4846	5.766068289655879e-09
5	1500	1.0677091108774804e-09
6	93436	2.7072721238608922e-09
7	4853	7.463278010654535e-10
8	150709	4.5323178893223867e-10
9	3667	7.34215500303517e-11
10	5781	2.3288376064303387e-11
11	9576	6.088125255124045e-12
12	6464	6.507539162596493e-13
13	868	6.542507815278806e-14
14	1399	5.485551228823703e-15
15	5296	2.9339862199574363e-15
16	3815	3.475510336733622e-16
17	219681	3.703300361515367e-17
18	1501	1.021361578471438e-16
19	2057	3.3329406753217447e-18
20	867	4.117298090352125e-18
21	3872	9.319203841240083e-19
22	5747	2.639098367191776e-19
23	2321	6.2952796476159525e-21
24	3841	1.680280892315032e-20
25	3791	6.212699748725835e-22
26	5777	8.278423187257162e-23
27	6850	7.186409840688399e-23
28	2213	1.4482547410615004e-24
29	421	9.444802331662938e-25
30	2322	4.9752390106838757e-26
31	2885	3.622813352333463e-26
32	6452	1.0768978324888031e-27
33	11187	5.073992458724218e-28
34	25852	1.5055197040862841e-28
35	3932	7.24902645497205e-30
36	7535	2.5062507948828566e-31
37	940	6.901594598807054e-33
38	3937	3.880760959350313e-33
39	7409	4.887523640715314e-34
40	8502	1.0382471907773597e-34
41	5318	4.1854984010442585e-34
42	27	5.465476110111869e-35
43	10298	1.1659101615213784e-35
44	5295	3.398390195970836e-36
45	5910	4.363120967845485e-37
46	79637	7.884336506270742e-37
47	7010	1.0501848404305057e-38
48	2690	6.425139571965499e-38
49	23633	1.4929306168577208e-38
50	5294	1.2789952998526226e-39
51	3717	2.529620249670633e-39
52	2185	1.6374921944420343e-40
53	2534	1.0083579836260894e-40
54	3836	1.7334018166058786e-41
55	1436	4.197824074741587e-43
56	3572	4.1221371665421454e-42
57	2064	3.383466600694446e-43
58	6654	4.743077367736283e-43
59	2065	1.9501678625182556e-42
60	1398	8.022167510003535e-43
61	4233	2.9075314680297248e-44
62	3702	2.526502173178841e-44
63	6714	6.921962393087329e-44
64	5829	1.3635629290490548e-44
65	1445	1.8006122003420688e-44
66	1956	1.8776222815433823e-44
67	4690	2.7908381105677446e-44
68	2533	2.0171060917332446e-45
69	1271	2.990216792598982e-44
70	916	2.456602630933294e-43
71	919	2.3630031485079356e-44
72	9046	3.724637575339222e-43
73	5979	4.403641933751549e-44
74	58480	6.9459361848910674e-43
75	25	1.213100082899306e-42
76	2066	1.0727094300915124e-43
77	11122	1.0130927027326504e-44
78	4921	1.0636303728499438e-41
79	2113	2.1142766587493716e-41
80	3636	6.171619778499679e-42
81	10603	5.6602905716522316e-43
82	10580	2.4321641637723225e-44
83	30011	9.201204605764769e-42
84	1785	5.175526949340718e-43
85	83737	8.027702088854451e-41
86	1950	1.0440732776390177e-40
87	3718	2.3014146002623184e-40
88	55620	5.395532596297401e-40
89	5753	1.5643296160599552e-40
90	4915	7.624236577221643e-40
91	5770	5.190429991668173e-41
92	5335	4.9117677293190214e-40
93	2048	8.936951435250069e-42
94	4486	1.202206450095134e-41
95	238	1.872312581215412e-40
96	5795	5.850350855842427e-40
97	5921	8.497838835312368e-40
98	3265	2.1536485734596754e-38
99	3568	7.310116574573782e-38
100	8440	4.809360785450734e-37
101	2549	6.89534955238512e-38
102	2624	9.927606684802692e-38
103	2260	9.099436739943074e-39
104	285	4.804267961921508e-38
105	5588	7.478292203723427e-38
106	5788	1.1835717713935852e-37
107	367	4.648342860860729e-38
108	50616	6.329164546862137e-40
109	10461	1.296448438217718e-39
110	10188	1.41410272943607e-40
111	2046	1.0952283970654066e-38
112	2044	5.495905697278179e-38
113	660	1.1307330703204295e-37
114	9322	4.811759514800898e-39
115	4067	1.3499198958232034e-37
116	8631	8.589135859764992e-38
117	3690	2.0664220628274097e-37
118	5803	1.1540479987991018e-37
119	1969	6.513741812555356e-37
120	4916	3.2564534366680044e-38
121	1942	5.013750289855904e-38
122	23624	6.152701190446842e-38
123	2043	4.060253138844809e-37
124	50943	6.371368385315612e-37
125	10451	3.246269773972145e-38
126	2042	1.465252670640576e-37
127	11221	4.164417964864925e-37
128	5163	4.903051500543306e-37
129	64399	2.5734045139894097e-36
130	50846	4.736507618081513e-37
131	3689	6.262266786505578e-36
132	1796	8.125918094511364e-38
133	3588	1.423088348394629e-35
134	4904	3.409862313706019e-36
135	4293	2.436631629693708e-37
136	51429	9.503757169872794e-37
137	8651	2.9000503122058595e-36
138	55816	4.36225704269211e-36
139	6001	4.9142238700336803e-36
140	3455	2.5571192268564907e-35
141	3586	8.944772281402782e-36
142	9479	9.730019449198773e-35
143	29760	1.3308496329939048e-34
144	5618	1.7094992530712192e-34
145	6774	2.3831222125059244e-34
146	150	2.1392404960338766e-35
147	3055	2.982668904295787e-35
148	6776	3.246070637426553e-36
149	5159	5.8050056630763765e-36
150	6503	6.274574049089999e-37
151	3561	1.7065135940662608e-35
152	3565	5.5566446264451905e-36
153	4734	2.0304786192816383e-35
154	2263	7.31132719592441e-36
155	6777	7.953692171715462e-36
156	558	6.822360306173537e-36
157	9021	3.960121817314742e-36
158	6772	1.576074752062306e-36
159	3575	6.819532680290329e-37
160	5594	1.0510169891934899e-36
161	7852	1.3922667952993792e-36
162	6446	3.5888022164265417e-35
163	5170	6.041121726046023e-36
164	5604	1.8746199912882326e-35
165	5058	1.5881797877501526e-36
166	6300	3.716854360035968e-36
167	695	1.9012773196322195e-35
168	3716	1.0429581903691829e-35
169	6461	7.935621314877794e-36
170	2268	3.444426048915777e-35
171	7048	9.150496792770811e-36
172	7043	1.5029988581168004e-35
173	94	5.466843882129796e-36
174	2254	1.50589012733899e-34
175	7066	1.7355379306087918e-34
176	5599	2.817749127647529e-34
177	1432	1.7252170627685465e-34
178	8569	2.6557382223446995e-35
179	5595	1.209100519567334e-34
180	1852	2.672044305021966e-34
181	5241	3.7905187696779783e-34
182	2017	6.613133482581121e-34
183	408	3.3030715109738506e-35
184	2623	6.302566155017671e-34
185	23607	3.1326487747562724e-35
186	9564	2.2814715960690382e-35
187	5579	5.880220138868133e-35
188	5578	3.2631405286318546e-35
189	4792	7.990023330504283e-36
190	6885	1.6929511127635385e-35
191	63978	1.244048843000991e-35
192	9846	1.2334777872317608e-35
193	6868	5.228128791237949e-35
194	3556	7.831320203842257e-35
195	114609	4.3324958796312747e-35
196	3656	3.715218750870459e-35
197	5610	6.178694731673912e-35
198	10657	2.075200098387721e-34
199	3596	1.3120728322809268e-34
200	6456	2.02444378890479e-34
