#rank	DIAMOnD_node	p_hyper
1	3872	3.8372332047408527e-11
2	1499	9.984879132140173e-12
3	3836	6.7526634234530636e-12
4	1956	1.4666752054140139e-12
5	1500	1.472317273444146e-11
6	27	1.0940012804622948e-12
7	2066	2.073248712734238e-12
8	150709	4.037958794091369e-13
9	3575	2.984653353746139e-13
10	9576	5.044590188056483e-14
11	867	7.76555089969866e-15
12	5296	2.9339862199574363e-15
13	219681	4.666439385543141e-16
14	2064	8.221856866221072e-17
15	2065	3.7969066122598535e-18
16	5781	2.1106103270622762e-18
17	5318	5.343999415690686e-19
18	6464	2.8479115759094154e-20
19	5979	7.601978786066198e-22
20	5747	4.215237851165758e-22
21	3717	1.2001356840694743e-22
22	1501	2.2466332825043943e-23
23	3480	2.8224419080181555e-24
24	25852	2.329796647880743e-24
25	5777	1.153326506690242e-25
26	2690	2.594405790515682e-27
27	11187	3.923717459757332e-27
28	3643	4.526624986397954e-28
29	2885	2.402755076500666e-28
30	940	1.229344807891661e-29
31	8502	3.374259904571387e-30
32	3815	4.94363268585387e-31
33	5295	3.2352116263033777e-31
34	6850	2.1916827237145056e-32
35	1399	1.0099501271306476e-33
36	2322	1.2775053843590522e-35
37	55156	9.340542603635226e-36
38	2057	7.245296430307975e-36
39	3841	1.4113702756344544e-36
40	6654	6.088156026756556e-37
41	421	2.168675084011313e-37
42	6452	1.988992246921745e-38
43	7409	1.1892675320855006e-38
44	5910	1.3892984633901409e-39
45	7535	6.825280471148759e-41
46	3937	7.482590945266144e-42
47	1398	1.7581643250036752e-41
48	23633	1.821179878535155e-42
49	868	2.7938521387325625e-43
50	93436	3.0205671059425023e-43
51	3932	1.1473434591029358e-44
52	4233	3.508898010878584e-45
53	3572	3.119917456210656e-44
54	79637	1.885406418760559e-43
55	10461	8.52012450283906e-46
56	2213	7.715734369018751e-45
57	2185	1.6584733217833717e-44
58	6714	1.2182733678943697e-45
59	2321	5.160478124559504e-45
60	5294	8.746051131786897e-45
61	5829	1.3635629290490548e-44
62	10298	1.742176246447146e-45
63	2534	1.3136393454751614e-46
64	4690	2.320922398735381e-47
65	2533	1.2034835287834742e-47
66	1271	7.71174867538835e-47
67	3702	1.3996674375940637e-45
68	9046	1.942460691227584e-45
69	11122	4.1910049624557165e-45
70	3791	8.81524517575247e-45
71	1436	1.4387651817115468e-43
72	7010	1.7587759088049592e-43
73	1445	3.309757521220424e-43
74	83737	2.2875291620126313e-43
75	55620	6.307415842751933e-43
76	4915	7.658907749485293e-43
77	2044	1.8003186105311625e-42
78	58480	2.3234841293375987e-42
79	916	2.8986759600163616e-42
80	919	3.01475422856889e-43
81	3718	2.554686710195027e-44
82	2113	4.1392501369600383e-44
83	8440	4.664854079579281e-43
84	6300	1.552743735196183e-41
85	5770	2.503343235822712e-41
86	238	6.493690181795627e-41
87	4921	7.674389871314248e-41
88	5753	2.3322790009753858e-40
89	10603	5.601241905966944e-40
90	10580	2.3254849978670907e-41
91	3636	1.1048922332615266e-42
92	30011	1.7201607411952534e-40
93	367	2.975692908755615e-41
94	2048	1.7394933354778948e-41
95	5335	2.1618456953464027e-39
96	4486	2.8345275934276996e-41
97	2260	1.1815316856842143e-40
98	5795	1.4543202441944556e-39
99	5921	3.707940973305441e-41
100	660	1.6978930288174177e-38
101	3561	2.6425508839695697e-38
102	4734	3.085120744563929e-38
103	5159	3.0600529789911494e-39
104	3690	3.446992585426771e-38
105	5788	1.6100068400700339e-37
106	3265	2.25955801431322e-37
107	3568	2.8981224755057156e-37
108	50616	3.270303895300423e-37
109	5170	5.27718578182547e-37
110	150	1.8085412627403196e-37
111	5588	6.567724828690263e-39
112	9322	5.776324323516783e-39
113	10451	9.465793821120006e-39
114	2263	2.250237265289225e-37
115	2549	1.114001405055507e-36
116	4067	3.1032174551086523e-37
117	5594	9.220235209171149e-38
118	4916	3.7976882035889154e-38
119	4294	4.170187483705587e-37
120	9479	9.364666088686877e-38
121	2624	2.9689575028891125e-37
122	2046	7.062514479402997e-38
123	1785	1.949695042264517e-37
124	11221	4.164417964864925e-37
125	5058	5.559839865457435e-37
126	50943	2.4999542373786933e-37
127	8631	1.8678189189399643e-38
128	5604	8.817579437337611e-38
129	2042	3.6469598873057273e-37
130	3565	4.988115818828376e-37
131	7852	6.9545867455588185e-37
132	5163	1.3491456297389654e-36
133	6446	7.920513906742657e-37
134	285	3.052540738627952e-36
135	2043	4.553031921929983e-36
136	1942	5.733376297852913e-37
137	6777	8.075586766254725e-37
138	1969	9.926780479705008e-37
139	5618	1.3062951426439656e-36
140	23624	1.5789715673179855e-36
141	1432	2.097269616534948e-36
142	6416	8.808068224030889e-37
143	408	9.335906211722329e-38
144	5602	8.426180922957025e-39
145	5595	1.755350687892332e-37
146	1852	7.420596201040312e-38
147	8569	7.37110896521894e-37
148	6885	6.264905388015651e-36
149	4904	1.0475621752504392e-36
150	64399	1.085383115657501e-37
151	51429	1.7097964879480623e-37
152	9261	4.023808831124736e-37
153	3588	6.025375144172018e-37
154	695	2.2857585186592665e-36
155	5336	2.9096705709120908e-37
156	29760	1.2084466696567163e-38
157	9846	3.293028011214107e-37
158	2017	9.50752157654842e-37
159	5578	1.0599717871726659e-37
160	63978	2.5913180934456347e-37
161	4293	2.0188170724169144e-38
162	5579	7.030923065105118e-38
163	3689	3.3734425434893808e-37
164	2254	5.262082148033595e-37
165	3055	8.466598391809323e-37
166	1796	6.301272648891666e-36
167	3635	5.87764596127956e-36
168	23607	3.685818636923462e-36
169	5527	9.015949914201582e-36
170	7048	1.28367153609574e-35
171	7043	1.8416203280404938e-35
172	94	6.865778907331912e-36
173	3716	3.1990563551099246e-35
174	9021	1.3918813820713733e-36
175	8651	9.965379085219394e-36
176	3455	1.8086803175743993e-35
177	6772	1.6240835250731972e-35
178	3586	1.3442886879948132e-35
179	2623	4.531891417920775e-36
180	50846	4.920392292845805e-37
181	55816	5.927127542013296e-36
182	6503	2.0719589231682332e-35
183	6461	3.7498256048411935e-35
184	7867	7.229519238193898e-35
185	5600	2.2537517368203095e-36
186	4792	1.5057845440322482e-34
187	558	2.5040523203722188e-34
188	5879	3.139794725837346e-34
189	3556	6.394700879806999e-35
190	5582	3.9915531567458755e-34
191	2268	7.094041981699931e-34
192	10657	1.3743195094628135e-34
193	3596	9.845371759428478e-35
194	1387	2.2065248540157315e-34
195	1613	7.012106652365232e-35
196	5610	8.18158968055786e-35
197	114609	7.545091275491857e-35
198	2625	7.083060800978484e-34
199	5584	6.97610186895848e-35
200	7534	4.772756104223957e-34
