#rank	DIAMOnD_node	p_hyper
1	150	9.501103060395948e-18
2	5295	9.583327214452492e-16
3	1387	2.0401262064002745e-13
4	367	3.221894274011281e-11
5	9943	7.085816659861327e-12
6	11183	2.1737597918671157e-11
7	646643	7.37181414331835e-11
8	55351	8.505200666095455e-11
9	3326	1.0683349155136722e-10
10	340156	2.2418438660297717e-11
11	157285	2.6410975380654116e-11
12	2624	3.954835857887346e-11
13	51347	5.423438492217317e-13
14	140469	6.504492227633793e-13
15	79858	1.1323865898656568e-12
16	22858	1.8739796820816005e-12
17	2113	2.061067316130518e-12
18	56164	6.426445160085019e-14
19	375449	7.526018928240884e-14
20	81788	2.818906256994879e-13
21	6446	1.1254492001737919e-12
22	10645	2.478592325966818e-14
23	50943	1.58965602606248e-12
24	54986	1.1589593221942256e-14
25	8814	1.361065259996114e-14
26	1326	4.5223509627430304e-14
27	23604	6.744958813522977e-14
28	63978	4.771538038014206e-14
29	5128	7.882867943092271e-15
30	22848	1.266398135433915e-14
31	9448	1.811401414505788e-14
32	57396	2.349717219001605e-14
33	4904	8.021430094359453e-15
34	10451	9.088971464749433e-15
35	23387	2.0332034527534265e-14
36	84441	1.0218898980509496e-13
37	8999	1.7138533464485563e-13
38	10110	2.0119875572965607e-13
39	814	2.397568782332593e-13
40	54861	3.8283308002097895e-13
41	8491	4.3040049393131133e-13
42	29949	6.251225425693336e-13
43	23012	1.1340441746252784e-12
44	8428	1.3381427969371166e-13
45	2623	8.878756646832833e-13
46	55626	5.788503007082878e-14
47	5607	1.2137960568319903e-13
48	167359	1.996759359444232e-13
49	84033	2.357693318683842e-13
50	140609	3.5217079328567067e-13
51	91754	3.8083622374761363e-13
52	284086	5.1435673558063096e-14
53	6794	1.0491932408101235e-12
54	9891	2.3778922596233078e-14
55	5608	4.674126300717756e-14
56	5921	3.1016614985754644e-13
57	6885	1.009598334111793e-12
58	5606	7.205089026705314e-14
59	5603	4.324694270669215e-14
60	9344	8.204988226934831e-14
61	4216	2.4184914771763975e-13
62	4215	3.223987069968087e-13
63	5566	1.5395009112583108e-12
64	207	4.136749464894956e-13
65	57521	2.298408823354012e-13
66	5562	2.707862071165481e-14
67	11140	8.235957644563263e-14
68	10000	5.9162073288252185e-15
69	673	1.7640165811065301e-15
70	3551	9.360267028370453e-15
71	2289	5.771853374945966e-15
72	140901	1.205985669433468e-15
73	3320	2.079935263351772e-16
74	85481	2.1172171270122074e-17
75	283455	9.830032876507064e-17
76	1147	2.7212149593693937e-16
77	4296	2.2477825101892406e-17
78	9641	3.646417214031393e-16
79	149420	6.184129464524478e-16
80	730211	3.0317840708563623e-16
81	344387	8.648089750524358e-17
82	9064	4.689676707581569e-15
83	5588	7.269659809780712e-15
84	4140	7.890491001860576e-15
85	8844	2.967203898626708e-16
86	5604	2.3384930894209584e-14
87	5170	1.7426120089481729e-15
88	5581	1.0228441292230861e-15
89	5894	1.1481738338522632e-15
90	5605	7.956191761332064e-17
91	5590	1.7260770354536561e-16
92	6196	3.103564407998188e-16
93	7534	6.211252456188622e-16
94	369	8.27112769098957e-17
95	2932	1.2529382474296206e-16
96	4214	7.640105982367054e-17
97	5594	1.6176355134489495e-17
98	5058	1.472887815965076e-18
99	1500	7.8870917065628e-18
100	2064	1.308292387826e-18
101	3667	1.2068295728557347e-18
102	7533	2.8933085123609473e-18
103	219681	1.873116579584697e-18
104	6416	4.996907181514582e-19
105	1499	1.2079118580953727e-19
106	8502	3.6664005885592814e-20
107	10971	2.99896421676904e-21
108	25852	5.707915476394891e-22
109	208	2.2637887926200346e-22
110	5584	3.184408920349864e-22
111	5610	8.81975319759171e-23
112	9576	1.7950762316879055e-23
113	4792	9.288078720407238e-24
114	5910	2.8870153798163027e-24
115	9322	1.4979284990594803e-24
116	2185	4.282124303518383e-25
117	1501	4.973477956133398e-26
118	3717	1.935364873792531e-26
119	6714	3.804507694021733e-27
120	23633	7.59704586162937e-28
121	5163	4.100580674504353e-28
122	150709	1.1467685491441122e-28
123	6300	1.752688576492467e-29
124	3841	1.581470215279229e-29
125	10461	1.2495703709682704e-30
126	421	2.7637483704806786e-30
127	5037	4.854761635382343e-32
128	3937	1.1385399837614172e-31
129	2533	4.2301988731013153e-32
130	3872	3.4364215910692634e-33
131	58480	4.288361512417012e-33
132	5747	5.657845313915299e-34
133	5318	1.2079925521989425e-34
134	55620	3.211138801918441e-36
135	5979	9.959233824308682e-36
136	867	6.18960964806065e-37
137	11187	1.1849685613929133e-37
138	4921	1.0150764768911145e-38
139	2321	1.3100206440251636e-38
140	55156	2.553794220709229e-39
141	6464	1.7793613967074454e-39
142	868	5.165127265139934e-41
143	3932	3.529502133220564e-41
144	79637	7.674833618539657e-42
145	7409	1.8008425786831363e-42
146	3836	9.379782215688266e-43
147	2057	2.025430305363195e-43
148	4486	1.5238758854588459e-43
149	93436	4.4710945299339117e-44
150	4233	2.2774076936505136e-45
151	3702	7.3350090714956655e-47
152	6654	2.092634110482562e-46
153	1956	1.4363963029693523e-46
154	660	3.263944596838001e-47
155	5296	7.781204279496748e-47
156	1969	2.4439656083399227e-46
157	5781	9.202353886774682e-47
158	27	1.1193085309701554e-46
159	2534	1.9616808701788437e-47
160	6452	6.2975938376743005e-49
161	940	8.173114104519902e-50
162	7535	1.5144988607704632e-50
163	1445	8.667086082898045e-52
164	5777	2.513809251375355e-51
165	10298	2.325815747936623e-52
166	6850	2.966257472575458e-51
167	2322	5.156648198644491e-53
168	5829	2.899655470991486e-51
169	2885	3.9970606507444536e-52
170	1399	1.2043838262767378e-51
171	25	1.2043556707602592e-50
172	4690	1.4692642318897696e-51
173	3815	2.4263562364118498e-52
174	1398	2.4433921907363222e-52
175	9046	5.6547188547262735e-52
176	3643	1.4400499118267939e-50
177	3480	9.663225316884128e-50
178	2213	2.6447252323570678e-49
179	11122	3.2005593529007557e-49
180	10580	8.53096588442531e-49
181	2690	6.319825329697448e-48
182	1436	7.960460641275023e-48
183	2066	2.5501627062100303e-47
184	4915	2.5621374856022403e-47
185	5335	9.036349562607919e-48
186	2260	1.361990210573136e-48
187	5795	2.712532641098194e-48
188	5578	1.0706250994333346e-46
189	5770	1.2756649929923287e-47
190	2017	3.4445208941166174e-46
191	695	9.340512835394775e-46
192	5579	4.951472551386669e-46
193	5294	9.64075101967496e-47
194	3572	3.7848618596876996e-47
195	5753	2.5624652968320332e-45
196	2549	6.023242412401372e-46
197	238	4.530149839275933e-45
198	3265	8.140808682490418e-45
199	3636	2.4490400276130104e-44
200	30011	6.801470570596841e-45
