rank	node	rank_score
1	6891	178.99349999999998
2	6892	175.5925
3	3597	172.9
4	3824	149.8995
5	3822	146.899
6	7132	139.095
7	3809	139.09099999999998
8	6890	137.099
9	3135	136.3985
10	811	134.4975
11	567	134.496
12	3134	133.998
13	10859	132.3945
14	3105	131.995
15	2923	131.3955
16	925	130.5925
17	10288	130.394
18	821	128.597
19	912	127.89200000000001
20	10134	124.6905
21	6513	123.8895
22	3806	123.0895
23	22820	122.9855
24	1315	122.68800000000002
25	4050	116.29749999999999
26	55238	116.0
27	8517	109.179
28	3732	102.7875
29	3109	101.4975
30	801	97.494
31	8737	89.7905
32	7186	88.7985
33	3812	86.1935
34	79139	85.7645
35	805	81.6965
36	841	79.9595
37	329	78.88300000000001
38	3802	78.5885
39	8717	76.69
40	26133	74.089
41	4055	72.792
42	8767	72.668
43	113457	71.9865
44	790	71.7835
45	9276	71.375
46	8915	70.978
47	7189	70.3615
48	5955	69.887
49	6532	69.389
50	7133	68.296
51	3305	68.184
52	22818	67.887
53	7278	67.186
54	3551	66.5755
55	1147	66.4875
56	26958	66.38550000000001
57	51226	65.87899999999999
58	330	65.68050000000001
59	9020	65.4825
60	3108	65.47999999999999
61	808	64.977
62	372	64.7745
63	4794	64.082
64	51272	63.974000000000004
65	3309	63.765
66	10382	63.585
67	71	63.3685
68	401152	63.293000000000006
69	967	63.1865
70	11316	62.9735
71	23118	62.7855
72	972	62.1635
73	10010	61.773
74	4791	61.4745
75	6885	60.68150000000001
76	3655	60.384
77	7185	60.363
78	3310	59.471500000000006
79	5971	59.378499999999995
80	11035	58.984500000000004
81	4792	58.17999999999999
82	3313	58.174
83	1326	57.970000000000006
84	5970	57.666
85	29110	57.5775
86	3301	57.19449999999999
87	4790	56.9735
88	4793	56.872
89	10454	56.766999999999996
90	92609	56.681
91	203068	55.269000000000005
92	3303	55.075
93	7316	54.757999999999996
94	3821	54.598
95	5966	54.571000000000005
96	4214	54.47950000000001
97	7534	54.44500000000001
98	3312	54.37050000000001
99	7314	54.164
100	1213	53.16949999999999
101	7187	51.972500000000004
102	8740	51.49249999999999
103	347733	50.765499999999996
104	3320	50.7645
105	220717	50.576
106	9532	50.4765
107	4215	49.8675
108	1314	49.373000000000005
109	3688	49.1845
110	6714	48.243
111	56616	48.092
112	3675	48.086
113	8607	45.9365
114	928	45.8815
115	5738	45.181
116	975	45.082499999999996
117	977	44.9805
118	9919	44.8355
119	7106	44.482
120	1917	44.466499999999996
121	3326	44.160000000000004
122	22908	43.972500000000004
123	708	43.0555
124	4179	42.87949999999999
125	963	42.778499999999994
126	5578	42.4745
127	408	42.3435
128	2734	41.862
129	7311	41.653
130	409	41.5635
131	9641	41.455
132	4646	40.5455
133	3676	40.1765
134	11140	39.261
135	6233	38.7565
136	3932	38.608000000000004
137	4478	38.576
138	1080	38.518
139	4628	37.058499999999995
140	5354	36.7915
141	10856	36.33
142	5788	35.072
143	6156	34.8525
144	7415	33.542
145	150684	33.351
146	10758	33.18
147	9462	32.8545
148	5134	32.756
149	8454	32.049
150	2885	31.427999999999997
151	920	30.9115
152	10488	30.574
153	85366	30.4955
154	5777	30.468
155	4070	30.264
156	10788	30.154000000000003
157	6500	30.0465
158	10128	29.7575
159	10399	29.712
160	23291	29.6495
161	931	29.573500000000003
162	3679	29.077999999999996
163	135154	28.865
164	958	28.820500000000003
165	93185	28.777499999999996
166	8239	28.639
167	55973	28.066999999999997
168	5010	27.873
169	1956	27.833499999999997
170	8754	27.663999999999998
171	79155	27.5625
172	4528	27.5505
173	6128	27.55
174	3654	27.5365
175	5437	27.347
176	84617	27.2605
177	6207	27.052
178	10849	26.945999999999998
179	7763	26.935000000000002
180	64425	26.747500000000002
181	10913	25.8765
182	54769	25.691499999999998
183	9043	25.656
184	51082	25.548000000000002
185	6232	25.2425
186	84172	25.148500000000002
187	7430	24.9715
188	7412	24.9705
189	9349	24.94
190	2515	24.878999999999998
191	25885	24.844
192	331	24.744999999999997
193	1654	24.3535
194	292	24.2035
195	10892	24.051499999999997
196	5580	23.8495
197	5441	23.7445
198	8772	23.658499999999997
199	2534	23.657
200	4869	23.5305
201	4067	23.36
202	5295	23.244
203	3838	23.043
204	6464	22.648500000000002
205	5159	22.645
206	5781	21.856
207	3691	21.841500000000003
208	3717	21.355
209	2185	21.0475
210	257397	20.937
211	4233	20.929
212	5770	20.7345
213	9131	20.654500000000002
214	5747	20.6445
215	6850	20.1555
216	3643	20.147
217	5581	20.057499999999997
218	149465	19.797
219	3815	19.661
220	1399	19.341
221	1439	19.262
222	4637	19.1405
223	5156	18.939
224	5335	18.6385
225	2057	18.2465
226	9846	18.1535
227	867	18.1435
228	3716	18.066499999999998
229	3667	17.536
230	4100	17.479499999999998
231	167555	17.3795
232	7409	17.2305
233	5376	16.884999999999998
234	4627	16.747
235	4163	16.741500000000002
236	3123	16.485
237	6772	16.250999999999998
238	2064	16.142000000000003
239	930	15.9255
240	5829	15.8285
241	1398	15.7245
242	6188	15.633500000000002
243	613	15.632
244	8718	15.59
245	3804	15.3655
246	100294190	15.312999999999999
247	5475	15.288
248	11184	15.2125
249	3454	15.065999999999999
250	7535	15.032999999999998
251	2065	15.025
252	6461	15.023500000000002
253	8784	14.979499999999998
254	5921	14.84
255	3937	14.719999999999999
256	3718	14.65
257	6205	14.605500000000001
258	57007	14.5595
259	3560	14.554499999999999
260	6776	14.551499999999999
261	2823	14.372499999999999
262	3566	14.354
263	7188	14.276
264	8660	14.234
265	55824	14.227
266	6774	14.1595
267	5591	14.038499999999999
268	5336	14.019
269	6777	13.6525
270	7852	13.458000000000002
271	8837	13.450999999999999
272	3673	13.363499999999998
273	3635	13.3315
274	3495	13.269
275	2690	13.237
276	27040	13.13
277	3572	12.9165
278	3839	12.916
279	84065	12.868
280	9021	12.845500000000001
281	10099	12.666500000000001
282	2058	12.630500000000001
283	1796	12.5365
284	960	12.471
285	4691	12.431000000000001
286	64343	12.4275
287	5782	12.4275
288	7525	12.243
289	3575	12.0375
290	2889	11.913
291	3956	11.863
292	6654	11.822999999999999
293	10750	11.822
294	8174	11.7685
295	1436	11.6425
296	948	11.5565
297	25	11.4195
298	6202	11.337
299	8651	11.1355
300	1534	11.067499999999999
301	355	10.9645
302	498	10.934000000000001
303	3055	10.918000000000001
304	10603	10.846
305	10451	10.6095
306	3480	10.432500000000001
307	139716	10.35
308	1441	10.253
309	2549	10.122499999999999
310	6452	10.1105
311	29760	10.011
312	5579	9.831
313	4690	9.809000000000001
314	6191	9.5215
315	9564	9.4215
316	56955	9.403
317	29990	9.238
318	301	9.2185
319	3690	9.1035
320	4914	9.016
321	6222	9.015
322	6135	8.916
323	2969	8.9155
324	868	8.906
325	80831	8.9025
326	146722	8.8265
327	6204	8.7375
328	5595	8.7145
329	9093	8.6425
330	302	8.628
331	2209	8.6095
332	6189	8.536
333	3308	8.4195
334	6129	8.317
335	7846	8.1205
336	7431	8.059000000000001
337	10657	8.0175
338	6203	7.928999999999999
339	2597	7.856999999999999
340	6229	7.834999999999999
341	2289	7.822
342	1445	7.734999999999999
343	5795	7.014
344	2213	6.808
345	6208	6.7379999999999995
346	55294	6.7345
347	1933	6.733
348	4904	6.721000000000001
349	2321	6.7204999999999995
350	974	6.3405000000000005
351	6146	6.3325000000000005
352	2887	6.324
353	3791	6.3115
354	6223	6.2395000000000005
355	6201	6.114
356	5521	5.941
357	7419	5.9265
358	7006	5.9135
359	3014	5.911
360	5800	5.811999999999999
361	27	5.7195
362	6206	5.6295
363	10056	5.6285
364	695	5.617
365	5771	5.548
366	3329	5.325
367	2091	5.229
368	7410	5.1005
369	7462	5.016
370	2023	4.8255
371	6141	4.824
372	3702	4.8100000000000005
373	7454	4.7075000000000005
374	6421	4.6315
375	6175	4.6235
376	6217	4.6049999999999995
377	10006	4.6015
378	8668	4.5175
379	10202	4.322
380	3184	4.2135
381	3559	4.1505
382	26191	4.1055
383	3921	3.9230000000000005
384	5787	3.907
385	857	3.8155
386	309	3.7270000000000003
387	8664	3.5195
388	6130	3.4314999999999998
389	8662	3.4259999999999997
390	10480	3.4200000000000004
391	7417	3.4165
392	54939	3.343
393	5793	3.3020000000000005
394	660	3.2064999999999997
395	5594	3.1295
396	8344	3.119
397	3837	3.018
398	2081	2.8329999999999997
399	7416	2.8245
400	5979	2.6185
401	27335	2.6155
402	8663	2.5225
403	55715	2.521
404	7182	2.5140000000000002
405	6176	2.5125
406	3842	2.4145
407	6181	2.3015
408	50807	2.301
409	3646	2.213
410	10818	2.005
411	25970	1.9085
412	6749	1.832
413	3187	1.511
414	128853	1.51
415	5175	1.459
416	1974	1.41
417	933	1.3495
418	27240	1.215
419	4311	1.2095
420	2316	1.1460000000000001
421	5245	1.107
422	3178	1.009
423	6132	1.0025
424	2771	0.7105
425	60	0.7085
426	2242	0.6395
427	64714	0.604
428	83747	0.5075000000000001
429	1655	0.506
430	5901	0.40750000000000003
431	3181	0.3065
432	6194	0.20099999999999998
433	5894	0.1255
434	3093	0.093
435	83699	0.086
436	54681	0.08299999999999999
437	2619	0.08149999999999999
438	9552	0.081
439	3491	0.077
440	51567	0.0765
441	5470	0.075
442	29775	0.075
443	6955	0.0745
444	3587	0.0745
445	1540	0.074
446	81855	0.0735
447	23288	0.073
448	89790	0.072
449	3964	0.071
450	6868	0.0705
451	10928	0.0705
452	3384	0.06999999999999999
453	113802	0.06999999999999999
454	2625	0.06999999999999999
455	9340	0.06949999999999999
456	3957	0.06949999999999999
457	3561	0.06949999999999999
458	6693	0.06899999999999999
459	840	0.0685
460	249	0.068
461	3811	0.067
462	4591	0.067
463	1293	0.0655
464	161176	0.065
465	3113	0.065
466	4804	0.065
467	28638	0.0645
468	55504	0.064
469	27018	0.0635
470	7837	0.062
471	3455	0.0615
472	387	0.061
473	952	0.0605
474	5584	0.0605
475	8795	0.06
476	7037	0.0595
477	10527	0.0595
478	8519	0.059
479	3570	0.058499999999999996
480	1503	0.057499999999999996
481	843	0.056999999999999995
482	5590	0.056999999999999995
483	55250	0.056999999999999995
484	8743	0.056499999999999995
485	60312	0.056499999999999995
486	637	0.05600000000000001
487	961	0.05550000000000001
488	3674	0.05500000000000001
489	7074	0.05450000000000001
490	356	0.054000000000000006
491	396	0.053500000000000006
492	5588	0.053500000000000006
493	6383	0.053000000000000005
494	8797	0.052500000000000005
495	56980	0.052500000000000005
496	4900	0.052500000000000005
497	1493	0.052000000000000005
498	7057	0.052000000000000005
499	6624	0.052000000000000005
500	5583	0.051500000000000004
501	4001	0.051000000000000004
502	23344	0.0505
503	9267	0.05
504	5582	0.0495
505	115352	0.049
506	1101	0.049
507	5587	0.0485
508	5599	0.048
509	50852	0.048
510	3689	0.0475
511	120	0.047
512	150	0.0465
513	3749	0.046
514	3315	0.0455
515	3685	0.045
516	65108	0.0445
517	2705	0.044
518	57506	0.0435
519	4000	0.0435
520	3386	0.042499999999999996
521	6199	0.042499999999999996
522	624	0.041999999999999996
523	9266	0.041499999999999995
524	57127	0.040999999999999995
525	4689	0.040999999999999995
526	2915	0.0405
527	3150	0.04
528	2206	0.0395
529	5566	0.0395
530	26353	0.039
531	971	0.0385
532	5917	0.0385
533	5734	0.0385
534	5287	0.038
535	5243	0.038
536	433	0.0375
537	2324	0.037
538	4842	0.037
539	2673	0.036
540	7531	0.0355
541	2560	0.0355
542	558	0.0355
543	119	0.034999999999999996
544	4225	0.034499999999999996
545	4642	0.034
546	25780	0.0335
547	1103	0.033
548	2893	0.0325
549	2890	0.032
550	2904	0.0315
551	4145	0.031
552	5568	0.0305
553	118	0.03
554	285855	0.0295
555	54866	0.028999999999999998
556	5567	0.028499999999999998
557	9421	0.028000000000000004
558	156	0.027500000000000004
559	2911	0.027000000000000003
560	1386	0.026500000000000003
561	1154	0.026000000000000002
562	7504	0.026000000000000002
563	51397	0.026000000000000002
564	9530	0.025500000000000002
565	7137	0.025
566	51122	0.025
567	2243	0.0245
568	3695	0.024
569	2197	0.0235
570	5341	0.0235
571	1601	0.0225
572	10019	0.022
573	9103	0.0215
574	3017	0.0215
575	6655	0.0215
576	4985	0.020999999999999998
577	10985	0.020999999999999998
578	2931	0.02
579	2769	0.0195
580	56995	0.019
581	154	0.019
582	5296	0.019
583	7873	0.0185
584	1267	0.0185
585	2781	0.017499999999999998
586	2066	0.017499999999999998
587	10287	0.017
588	7532	0.0165
589	9338	0.0165
590	3875	0.016
591	359	0.0155
592	9590	0.015
593	238	0.015
594	58512	0.014499999999999999
595	51474	0.014000000000000002
596	334	0.013500000000000002
597	100124696	0.013500000000000002
598	2902	0.013000000000000001
599	10627	0.0125
600	7010	0.011
601	9495	0.010499999999999999
602	10278	0.010499999999999999
603	3769	0.0095
604	9188	0.009
605	293	0.009
606	2322	0.009
607	28991	0.0085
608	3269	0.008
609	6137	0.008
610	5796	0.008
611	7442	0.007000000000000001
612	9402	0.007000000000000001
613	1499	0.0055
614	846	0.005
615	2268	0.005
616	6218	0.0045
617	30011	0.0045
618	25873	0.004
619	2152	0.004
620	3192	0.004
621	2886	0.004
622	140032	0.0035000000000000005
623	3706	0.0035000000000000005
624	170622	0.0035000000000000005
625	6161	0.003
626	815	0.003
627	6235	0.002
628	917	0.002
629	2099	0.002
630	634	0.0015
631	2260	0.0015
632	23624	0.001
633	6193	0.0005
