rank	node	rank_score
1	5408	180.1
2	8513	179.1995
3	5407	178.299
4	9388	177.3985
5	5406	176.498
6	11343	175.5975
7	1208	174.697
8	2713	173.7965
9	2712	172.89600000000002
10	2710	171.9955
11	57678	171.095
12	4035	132.293
13	4325	131.592
14	811	129.791
15	64714	129.0905
16	2157	128.39000000000001
17	2158	127.6895
18	338	108.5885
19	7450	102.3765
20	4324	93.4915
21	2923	90.98400000000001
22	821	81.389
23	5354	78.5875
24	965	75.2945
25	6532	72.388
26	3134	71.487
27	3133	71.0865
28	6892	70.686
29	3135	70.2855
30	567	69.885
31	6890	69.4845
32	6891	68.68350000000001
33	3105	68.283
34	10859	67.88250000000001
35	3107	67.28150000000001
36	10288	66.881
37	912	66.68199999999999
38	3106	66.38
39	925	66.18050000000001
40	3824	65.4795
41	1315	64.979
42	22820	64.57849999999999
43	6513	64.478
44	9601	63.677
45	3822	62.5775
46	11093	61.775999999999996
47	7184	61.4755
48	4547	61.0745
49	3949	60.675
50	2243	60.577999999999996
51	3309	60.073
52	7038	59.974000000000004
53	10525	59.5735
54	26958	59.270500000000006
55	6955	59.072500000000005
56	22818	58.870000000000005
57	915	58.572
58	51226	58.4695
59	3359	58.271
60	372	58.069
61	5034	57.971500000000006
62	51272	57.668499999999995
63	11316	57.26800000000001
64	9276	56.86749999999999
65	2335	56.665499999999994
66	1314	56.467
67	22908	56.0665
68	9567	55.7925
69	926	55.565999999999995
70	3053	54.4705
71	4544	54.065
72	30001	53.665499999999994
73	4543	53.6645
74	7253	52.564
75	3077	52.563
76	799	52.1635
77	3821	51.7625
78	2625	51.2615
79	5376	51.062
80	2147	45.2885
81	5627	45.188
82	7018	41.859
83	1514	39.322500000000005
84	387082	38.2575
85	10130	37.957
86	57519	37.694
87	8833	37.556
88	55755	37.4935
89	10134	36.86
90	6670	36.629
91	5624	36.0895
92	2677	35.789
93	3674	35.7725
94	2153	35.2875
95	2159	35.087
96	5269	34.8865
97	5327	34.686
98	5104	34.4855
99	23193	34.4005
100	5328	34.2845
101	7056	34.085
102	5054	33.884
103	6667	33.815
104	5340	33.6835
105	7436	33.483000000000004
106	54093	33.347500000000004
107	710	33.2825
108	1991	32.982
109	7057	32.7815
110	3827	32.581
111	5329	32.3805
112	1511	32.0755
113	53353	31.880000000000003
114	2150	31.875
115	5564	31.838
116	2149	31.674500000000002
117	3500	31.4015
118	5345	30.978999999999996
119	2108	30.806
120	2160	30.779499999999995
121	3273	30.676
122	3817	30.5785
123	5275	30.473000000000003
124	462	30.377
125	2244	30.077499999999997
126	5653	29.8765
127	12	29.674
128	2266	29.371500000000005
129	7448	29.071000000000005
130	2162	28.97
131	3488	28.5625
132	2811	28.3735
133	3684	28.1365
134	5657	27.936
135	3685	27.569
136	3690	27.3695
137	4811	27.1675
138	961	26.6685
139	2812	26.368000000000002
140	3386	26.137999999999998
141	928	25.466500000000003
142	948	25.267000000000003
143	3688	25.066
144	3615	24.754
145	10961	24.661
146	8793	24.5535
147	1277	24.464499999999997
148	6678	24.363
149	7052	24.362000000000002
150	1278	24.264
151	3675	24.261000000000003
152	4982	24.165
153	10726	23.909
154	4318	23.8635
155	3678	23.561500000000002
156	5358	23.4525
157	4048	23.3565
158	6696	23.2605
159	873	23.2485
160	4856	22.96
161	3693	22.939
162	2192	22.459
163	5029	22.3325
164	1490	22.258499999999998
165	9641	22.2555
166	3339	21.958
167	3673	21.6575
168	284217	21.457
169	351	21.2565
170	6902	21.253
171	7189	21.1445
172	1285	20.956
173	7040	20.9555
174	2199	20.654500000000002
175	23043	20.509999999999998
176	5549	20.454
177	5902	20.448
178	10289	20.3435
179	1282	20.2535
180	1634	20.053
181	1287	19.8525
182	1288	19.651999999999997
183	8407	19.6455
184	24140	19.547
185	7247	19.541500000000003
186	27101	19.508
187	5270	19.4515
188	1286	19.250999999999998
189	9861	19.2365
190	22918	19.0505
191	3026	18.85
192	4163	18.75
193	9474	18.735500000000002
194	344	18.693
195	1284	18.6495
196	3172	18.5925
197	4326	18.491999999999997
198	7026	18.3885
199	4147	18.349
200	7045	18.3485
201	335	18.2895
202	56681	18.244
203	345	18.19
204	5155	18.139499999999998
205	7025	18.0905
206	1892	18.036
207	1565	17.991
208	5008	17.948
209	1280	17.947499999999998
210	337	17.8875
211	2822	17.787
212	50808	17.686500000000002
213	6288	17.647
214	53335	17.586000000000002
215	1585	17.4855
216	633	17.4465
217	2056	17.389
218	1050	17.2845
219	2006	17.2455
220	5687	17.2385
221	5915	17.184
222	4135	17.0835
223	2200	17.044999999999998
224	5691	17.038999999999998
225	28916	16.8815
226	4052	16.841
227	213	16.781
228	23064	16.680500000000002
229	22795	16.645999999999997
230	3493	16.5785
231	341	16.478
232	1305	16.455000000000002
233	5700	16.431
234	79925	16.3595
235	80781	16.244
236	3514	16.18
237	5683	16.134
238	5707	16.1315
239	4237	16.0445
240	5719	16.032999999999998
241	79691	15.976499999999998
242	5688	15.9345
243	3857	15.876
244	2201	15.8405
245	7276	15.774000000000001
246	959	15.6735
247	3868	15.5725
248	3848	15.4755
249	1293	15.443000000000001
250	10213	15.430000000000001
251	3507	15.375
252	4313	15.3435
253	3250	15.273
254	5706	15.229500000000002
255	3672	15.142000000000001
256	3486	15.041500000000003
257	3861	14.971
258	1294	14.9425
259	550	14.937000000000001
260	5692	14.9325
261	3852	14.870500000000002
262	5705	14.8185
263	3538	14.769
264	5704	14.729000000000003
265	283160	14.6685
266	5718	14.528
267	336	14.477500000000001
268	319	14.359
269	5694	14.3305
270	6927	14.279
271	3918	14.24
272	259	14.179499999999999
273	136319	14.1505
274	1576	14.069999999999999
275	820	14.0685
276	5714	14.026999999999997
277	4782	13.9695
278	720	13.866999999999999
279	3914	13.833499999999997
280	5689	13.733499999999998
281	5721	13.727500000000001
282	7047	13.6675
283	649	13.633
284	5693	13.632
285	5701	13.5255
286	1593	13.466
287	20	13.3655
288	712	13.3375
289	5695	13.3285
290	1551	13.265
291	5713	13.2245
292	1471	13.1645
293	90070	13.163999999999998
294	6574	13.063999999999998
295	3713	12.9635
296	5690	12.926499999999999
297	5702	12.925999999999998
298	4014	12.863
299	4316	12.8355
300	5682	12.8225
301	1475	12.7625
302	2125	12.662
303	5711	12.625
304	5266	12.561499999999999
305	4282	12.541
306	3858	12.4605
307	7035	12.434999999999999
308	4312	12.4345
309	960	12.434000000000001
310	6707	12.361
311	2035	12.3405
312	1832	12.26
313	7428	12.246
314	51504	12.239500000000001
315	54205	12.237
316	5685	12.224
317	5603	12.159
318	3931	12.158
319	7391	12.055
320	1690	12.0305
321	23198	12.023
322	8061	11.9515
323	6573	11.8545
324	5686	11.8235
325	1999	11.7585
326	10728	11.758
327	875	11.752500000000001
328	7422	11.731
329	5589	11.658
330	4800	11.654
331	5710	11.621500000000001
332	6658	11.5535
333	4314	11.5275
334	55920	11.506499999999999
335	4478	11.4535
336	51702	11.453
337	3251	11.442499999999999
338	51377	11.422
339	4801	11.35
340	63827	11.328
341	5451	11.2575
342	1503	11.2515
343	5716	11.221
344	6671	11.152
345	7076	11.127
346	973	11.056999999999999
347	203547	11.052
348	5709	11.02
349	23158	10.945
350	1404	10.925999999999998
351	27329	10.8595
352	3512	10.8565
353	56886	10.855
354	1289	10.831999999999999
355	11047	10.8205
356	1936	10.7515
357	4603	10.743
358	2171	10.7375
359	176	10.7265
360	2617	10.652
361	4802	10.6425
362	1101	10.629999999999999
363	3306	10.619499999999999
364	1997	10.541500000000001
365	5110	10.540000000000001
366	1462	10.5255
367	4018	10.504999999999999
368	50509	10.442
369	5717	10.419
370	23126	10.341
371	4099	10.3315
372	6387	10.325
373	3558	10.239
374	6721	10.1385
375	1958	10.037
376	967	10.0245
377	3676	10.024000000000001
378	3694	9.9285
379	2161	9.9035
380	6722	9.836
381	5684	9.818000000000001
382	5720	9.817499999999999
383	11345	9.8005
384	10857	9.743
385	3159	9.7405
386	7058	9.7235
387	1051	9.635
388	6256	9.5335
389	5708	9.517
390	5916	9.432500000000001
391	9612	9.3305
392	7277	9.3165
393	51341	9.2015
394	3303	9.016
395	81027	9.0155
396	8202	8.931000000000001
397	5914	8.83
398	1387	8.734
399	9097	8.715
400	8648	8.632
401	2099	8.5275
402	3312	8.514500000000002
403	9971	8.428
404	6258	8.329
405	80227	8.314
406	8856	8.2285
407	5468	8.131499999999999
408	5696	8.113499999999998
409	8431	8.027
410	164656	7.9295
411	9611	7.9254999999999995
412	3732	7.9215
413	7421	7.8245000000000005
414	5698	7.813
415	10197	7.734999999999999
416	7376	7.723999999999999
417	1839	7.721000000000001
418	23054	7.6235
419	51371	7.6125
420	7067	7.5265
421	6257	7.425
422	3655	7.4205
423	10062	7.3260000000000005
424	79008	7.3115000000000006
425	8204	7.222499999999999
426	7068	7.122
427	977	7.1194999999999995
428	548593	7.111
429	651	7.022999999999999
430	3491	7.0200000000000005
431	5465	7.017
432	5469	6.9174999999999995
433	3784	6.910499999999999
434	10891	6.8165000000000004
435	2033	6.718500000000001
436	5738	6.619
437	3915	6.6185
438	5467	6.615
439	10499	6.5215000000000005
440	963	6.5155
441	5347	6.5095
442	367	6.4205
443	2688	6.412000000000001
444	9325	6.318
445	4609	6.307
446	3725	6.220000000000001
447	3481	6.210500000000001
448	8841	6.1155
449	861	6.0135
450	3485	6.01
451	6996	5.9195
452	4179	5.917
453	2908	5.821
454	975	5.816
455	5371	5.718999999999999
456	3911	5.718
457	7106	5.7165
458	8805	5.622999999999999
459	4791	5.6075
460	3479	5.6075
461	4319	5.522
462	7181	5.514
463	39	5.5085
464	5449	5.4159999999999995
465	5265	5.4094999999999995
466	573	5.307
467	6597	5.1145000000000005
468	4088	5.0125
469	55379	5.0009999999999994
470	8754	4.9174999999999995
471	2100	4.91
472	5600	4.810499999999999
473	354	4.809
474	7086	4.745
475	4654	4.7085
476	5858	4.6085
477	38	4.603
478	2353	4.413
479	5594	4.311999999999999
480	7042	4.308
481	3692	4.3025
482	5925	4.2090000000000005
483	1386	4.1115
484	682	4.0145
485	4089	4.011
486	4054	4.007
487	6240	4.003
488	8721	3.933
489	7043	3.806
490	6908	3.806
491	7077	3.804
492	11164	3.8015
493	196	3.7039999999999997
494	9507	3.6064999999999996
495	602	3.6055
496	5970	3.505
497	7080	3.4295
498	10606	3.401
499	8850	3.308
500	3065	3.2064999999999997
501	2331	3.2039999999999997
502	10401	3.1045000000000003
503	2624	3.0095
504	22919	2.9085
505	7704	2.8075
506	4224	2.8055
507	604	2.702
508	595	2.6035
509	9520	2.602
510	9759	2.4010000000000002
511	6774	2.303
512	6624	1.61
513	2665	1.4095
514	4323	1.302
515	5715	1.2045
516	3082	1.2025000000000001
517	3696	1.2015
518	4321	1.1045
519	5699	1.1039999999999999
520	7416	1.009
521	3818	1.003
522	7345	0.906
523	4350	0.7055
524	5062	0.705
525	6382	0.7025
526	7879	0.505
527	4322	0.501
528	25996	0.4035
529	3336	0.3045
530	7078	0.3005
531	3814	0.20299999999999999
532	89782	0.092
533	1582	0.0915
534	64919	0.08499999999999999
535	3175	0.08299999999999999
536	3169	0.08249999999999999
537	8475	0.08199999999999999
538	7070	0.064
539	801	0.0625
540	5999	0.062
541	128312	0.0615
542	8516	0.061
543	51386	0.061
544	28638	0.0605
545	79016	0.0605
546	6741	0.0605
547	11198	0.06
548	7037	0.0595
549	79876	0.0595
550	121504	0.0595
551	60673	0.059
552	3014	0.059
553	7036	0.058499999999999996
554	10924	0.058499999999999996
555	51056	0.058499999999999996
556	10236	0.058499999999999996
557	5036	0.057999999999999996
558	8531	0.057999999999999996
559	5230	0.057499999999999996
560	3018	0.057499999999999996
561	56904	0.056999999999999995
562	4869	0.056999999999999995
563	55037	0.056499999999999995
564	1580	0.05600000000000001
565	8342	0.05600000000000001
566	2288	0.05550000000000001
567	26986	0.05550000000000001
568	51422	0.05500000000000001
569	6749	0.05500000000000001
570	23170	0.05450000000000001
571	5571	0.05450000000000001
572	22907	0.05450000000000001
573	6897	0.054000000000000006
574	1660	0.054000000000000006
575	5286	0.053500000000000006
576	2091	0.053500000000000006
577	440	0.053000000000000005
578	284996	0.053000000000000005
579	5562	0.052500000000000005
580	57835	0.052500000000000005
581	8729	0.052000000000000005
582	2935	0.052000000000000005
583	388697	0.052000000000000005
584	51479	0.051500000000000004
585	84319	0.051500000000000004
586	1192	0.051000000000000004
587	350	0.051000000000000004
588	2631	0.051000000000000004
589	1968	0.051000000000000004
590	1650	0.051000000000000004
591	7593	0.0505
592	6159	0.0505
593	3030	0.05
594	6160	0.05
595	23011	0.0495
596	2052	0.0495
597	9536	0.0495
598	11337	0.0495
599	6122	0.0495
600	5198	0.049
601	3170	0.049
602	96459	0.049
603	1717	0.049
604	8241	0.0485
605	3484	0.048
606	23710	0.048
607	6139	0.048
608	440738	0.0475
609	11218	0.0475
610	4036	0.047
611	9776	0.047
612	23345	0.047
613	5479	0.0465
614	8408	0.0465
615	728937	0.0465
616	8029	0.046
617	23102	0.046
618	170506	0.046
619	7356	0.0455
620	5360	0.0455
621	9895	0.0455
622	509	0.0455
623	57794	0.045
624	81631	0.045
625	6152	0.045
626	10533	0.0445
627	2058	0.0445
628	89890	0.044
629	293	0.044
630	5670	0.0435
631	83734	0.0435
632	6132	0.0435
633	64422	0.043
634	6154	0.043
635	23192	0.042499999999999996
636	6222	0.042499999999999996
637	353	0.041999999999999996
638	84557	0.041999999999999996
639	11331	0.041999999999999996
640	9817	0.041499999999999995
641	26354	0.041499999999999995
642	54958	0.040999999999999995
643	6147	0.040999999999999995
644	56945	0.0405
645	5444	0.04
646	55054	0.04
647	23107	0.04
648	1191	0.0395
649	8439	0.0395
650	6193	0.0395
651	84078	0.039
652	23521	0.039
653	9667	0.0385
654	5250	0.0385
655	401	0.038
656	161582	0.038
657	6210	0.038
658	1388	0.0375
659	64786	0.0375
660	6157	0.0375
661	3032	0.037
662	10419	0.037
663	7048	0.0365
664	8878	0.0365
665	6194	0.0365
666	8508	0.036
667	6187	0.036
668	22926	0.0355
669	4077	0.0355
670	11224	0.0355
671	63891	0.034999999999999996
672	10856	0.034999999999999996
673	1385	0.034499999999999996
674	91754	0.034499999999999996
675	50628	0.034499999999999996
676	9685	0.034
677	6124	0.034
678	6128	0.0335
679	135112	0.033
680	4904	0.033
681	79443	0.0325
682	6191	0.0325
683	6788	0.032
684	6188	0.032
685	6789	0.0315
686	5245	0.0315
687	83593	0.031
688	6202	0.031
689	11186	0.0305
690	3608	0.0305
691	4131	0.03
692	3183	0.03
693	9140	0.0295
694	6203	0.0295
695	9821	0.028999999999999998
696	10992	0.028999999999999998
697	9706	0.028499999999999998
698	1665	0.028499999999999998
699	8987	0.028000000000000004
700	6135	0.028000000000000004
701	23637	0.027500000000000004
702	6189	0.027500000000000004
703	23130	0.027000000000000003
704	3192	0.027000000000000003
705	55626	0.026500000000000003
706	284695	0.026500000000000003
707	9970	0.026000000000000002
708	9770	0.026000000000000002
709	9733	0.026000000000000002
710	283349	0.025500000000000002
711	222235	0.025500000000000002
712	60485	0.025
713	83937	0.0245
714	3188	0.0245
715	3033	0.024
716	10772	0.024
717	292	0.0235
718	11103	0.023
719	6095	0.0225
720	3158	0.0225
721	6169	0.0225
722	3028	0.022
723	10642	0.022
724	3157	0.0215
725	23451	0.0215
726	64064	0.020999999999999998
727	23450	0.020999999999999998
728	3295	0.020499999999999997
729	6143	0.020499999999999997
730	5019	0.02
731	6142	0.02
732	1962	0.0195
733	79084	0.0195
734	549	0.019
735	9349	0.019
736	54511	0.0185
737	84844	0.0185
738	1891	0.018
739	6134	0.018
740	34	0.017499999999999998
741	6165	0.017499999999999998
742	55268	0.017
743	6158	0.017
744	80724	0.0165
745	9045	0.0165
746	35	0.016
747	6228	0.016
748	84129	0.0155
749	10989	0.0155
750	28976	0.015
751	55646	0.015
752	2959	0.014499999999999999
753	36	0.014499999999999999
754	6137	0.014499999999999999
755	4653	0.014000000000000002
756	2639	0.014000000000000002
757	6144	0.014000000000000002
758	3679	0.013500000000000002
759	30	0.013500000000000002
760	10492	0.013500000000000002
761	1281	0.013000000000000001
762	51	0.013000000000000001
763	64960	0.013000000000000001
764	5118	0.0125
765	5595	0.0125
766	27034	0.0125
767	1915	0.0125
768	8309	0.012
769	64969	0.012
770	2877	0.0115
771	51116	0.0115
772	6720	0.011
773	847	0.011
774	51649	0.011
775	5241	0.010499999999999999
776	2879	0.010499999999999999
777	51021	0.010499999999999999
778	3275	0.01
779	2878	0.01
780	6201	0.01
781	4087	0.0095
782	2876	0.0095
783	6129	0.0095
784	6599	0.009
785	6649	0.009
786	3185	0.009
787	51592	0.0085
788	10935	0.0085
789	9775	0.0085
790	6601	0.008
791	6648	0.008
792	51639	0.008
793	3066	0.0075
794	257202	0.0075
795	23405	0.0075
796	6602	0.007000000000000001
797	6647	0.007000000000000001
798	5094	0.007000000000000001
799	1024	0.006500000000000001
800	7001	0.006500000000000001
801	6168	0.006500000000000001
802	6595	0.006
803	5052	0.006
804	55226	0.006
805	6598	0.0055
806	116285	0.0055
807	388698	0.0055
808	54760	0.005
809	2936	0.005
810	23560	0.005
811	8076	0.0045
812	9412	0.0045
813	84264	0.0045
814	55003	0.0045
815	2962	0.004
816	3029	0.004
817	5042	0.004
818	6604	0.0035000000000000005
819	2181	0.0035000000000000005
820	26608	0.0035000000000000005
821	672	0.003
822	3155	0.003
823	11171	0.003
824	54881	0.003
825	6688	0.0025
826	10589	0.0025
827	622	0.0025
828	382	0.0025
829	27292	0.0025
830	6603	0.002
831	139341	0.002
832	4942	0.002
833	51202	0.002
834	892	0.0015
835	65985	0.0015
836	22824	0.0015
837	8886	0.0015
838	3934	0.001
839	6605	0.001
840	223	0.001
841	8565	0.001
842	81887	0.001
843	2623	0.0005
844	57492	0.0005
845	6354	0.0005
846	128710	0.0005
847	83858	0.0005
