rank	node	rank_score
1	2767	177.2
2	2776	169.198
3	3357	148.39600000000002
4	5295	140.19650000000001
5	8128	139.59949999999998
6	5739	124.59400000000001
7	3717	118.1795
8	5781	111.87249999999999
9	7275	109.893
10	3932	106.89349999999999
11	5335	106.888
12	5777	104.8835
13	6714	98.9735
14	5578	97.047
15	3815	95.7665
16	6464	94.88199999999999
17	2534	94.7855
18	5159	93.96549999999999
19	6850	93.09200000000001
20	4067	92.4825
21	1956	91.072
22	5747	90.065
23	867	88.9875
24	2057	88.9805
25	2885	88.1885
26	7409	87.4845
27	1399	86.977
28	613	85.9745
29	9846	85.58500000000001
30	5336	84.686
31	3643	84.562
32	857	84.0285
33	1439	83.8595
34	2064	83.478
35	5921	82.57000000000001
36	3716	82.363
37	6777	82.261
38	2185	82.08
39	3791	81.7515
40	6776	81.66900000000001
41	5788	80.464
42	25	80.176
43	1398	78.56800000000001
44	55824	78.48400000000001
45	6003	78.397
46	1796	77.5615
47	10603	76.275
48	3560	74.74300000000001
49	3667	74.34349999999999
50	57292	74.249
51	5156	73.253
52	2690	72.8505
53	7535	72.7865
54	6774	72.1465
55	2065	71.67049999999999
56	6654	71.479
57	3718	69.9425
58	8651	68.745
59	3480	68.4485
60	3055	67.8685
61	3937	66.889
62	8660	66.7385
63	7297	66.44149999999999
64	7006	65.75750000000001
65	5770	65.74449999999999
66	1445	65.259
67	11184	64.1765
68	2549	64.056
69	9021	63.539
70	27	62.967000000000006
71	6452	62.79
72	3635	62.438
73	2889	61.471000000000004
74	27040	61.39149999999999
75	868	60.8815
76	4914	60.869499999999995
77	10451	60.7715
78	4233	60.448
79	6461	60.249
80	10006	59.8755
81	56955	59.4535
82	941	59.399
83	7226	59.1995
84	5782	59.157999999999994
85	942	59.0985
86	7222	58.997
87	7220	58.994499999999995
88	7225	58.8975
89	5829	58.7675
90	9564	58.7645
91	5795	58.35699999999999
92	57113	58.1955
93	1436	57.5395
94	7223	57.495000000000005
95	695	57.378499999999995
96	6772	57.236000000000004
97	7221	57.1965
98	7224	56.893499999999996
99	3708	56.79600000000001
100	4690	56.766
101	100124696	56.7365
102	5580	56.724000000000004
103	4599	56.694
104	84876	56.592499999999994
105	9456	55.89300000000001
106	220972	55.697500000000005
107	9454	55.591499999999996
108	3709	55.2895
109	2195	54.989999999999995
110	9289	54.697500000000005
111	4070	54.375
112	2911	54.291999999999994
113	85450	54.1905
114	3572	54.133
115	93129	53.885000000000005
116	55024	53.7855
117	29760	53.782999999999994
118	7525	53.14549999999999
119	10399	52.931
120	5592	52.7885
121	55188	52.783
122	5894	52.725
123	10657	52.674
124	6261	52.386
125	10335	51.4875
126	2316	51.1815
127	9455	50.784000000000006
128	7462	50.654
129	387	50.288
130	6655	50.173
131	2887	49.642
132	2321	49.555
133	1441	49.435
134	115557	48.5865
135	5296	48.344
136	3702	48.187
137	3566	48.1125
138	7852	47.619
139	6915	45.2745
140	10818	43.9555
141	3575	43.012
142	50807	42.7565
143	2213	42.128
144	6004	41.8155
145	128853	41.4525
146	80790	41.178
147	27240	41.12
148	3454	41.1175
149	7410	41.0895
150	5595	39.730000000000004
151	7454	38.8635
152	10750	37.560500000000005
153	10278	37.46
154	5175	37.034000000000006
155	660	36.9325
156	940	36.795500000000004
157	25970	36.721000000000004
158	5879	35.018
159	558	34.8335
160	58512	34.640499999999996
161	2280	34.0835
162	2915	33.981
163	5800	33.051
164	56995	32.9585
165	26191	32.64
166	9743	32.3235
167	5594	31.826999999999998
168	5979	31.7315
169	10019	31.516
170	445815	31.3625
171	5566	30.878499999999995
172	6000	30.4745
173	116986	30.377499999999998
174	2768	30.274
175	920	30.095
176	5793	29.529500000000002
177	85358	29.103499999999997
178	5579	28.913999999999998
179	5771	28.6195
180	2066	27.85
181	9402	27.7375
182	55715	27.732
183	156	27.1735
184	83747	26.9495
185	4058	25.31
186	54923	25.237000000000002
187	80831	25.0475
188	5787	24.441
189	5796	21.822499999999998
190	4486	21.705000000000002
191	2242	21.1255
192	7010	20.2275
193	2260	20.128999999999998
194	9749	20.109
195	1234	19.8725
196	930	19.781
197	64499	19.297
198	57190	19.151999999999997
199	3356	18.954
200	2778	18.881999999999998
201	238	18.8265
202	2782	18.794
203	1499	18.7345
204	2784	18.496000000000002
205	5590	18.403
206	59345	18.395500000000002
207	975	18.294999999999998
208	57007	18.2465
209	4739	18.207
210	10870	18.1965
211	9180	18.186
212	2268	18.1185
213	2792	18.0865
214	4352	17.9815
215	4582	17.954500000000003
216	2783	17.8945
217	79098	17.8865
218	30011	17.8305
219	54331	17.7855
220	94235	17.691
221	5287	17.6325
222	10233	17.5925
223	2785	17.5905
224	933	17.535500000000003
225	5581	17.512999999999998
226	2793	17.490000000000002
227	9914	17.486
228	2788	17.3895
229	2790	17.288999999999998
230	2786	17.188499999999998
231	55970	17.088
232	2206	17.044999999999998
233	9478	16.9895
234	10681	16.982499999999998
235	51764	16.8875
236	147	16.875999999999998
237	2791	16.787
238	2787	16.686
239	654364	16.585
240	2209	16.4215
241	4543	16.392
242	11035	16.2845
243	2773	16.184
244	4544	16.0835
245	4983	16.082
246	1948	15.987
247	64407	15.976499999999998
248	392	15.968
249	8490	15.876
250	3118	15.6945
251	7204	15.677000000000001
252	10672	15.672999999999998
253	5337	15.5795
254	2770	15.479
255	7287	15.414499999999999
256	2771	15.374
257	60626	15.2785
258	2864	15.1615
259	8835	15.105
260	3953	15.091
261	1268	14.769499999999999
262	6262	14.485499999999998
263	2775	14.478
264	5588	14.4095
265	10076	14.372
266	5170	14.3085
267	919	14.2215
268	114132	13.708000000000002
269	10636	13.6705
270	2865	13.563999999999998
271	29899	13.2685
272	150	13.1615
273	2867	13.077000000000002
274	9103	13.013
275	624	12.872499999999999
276	8440	12.8245
277	6792	12.8105
278	1394	12.6755
279	9826	12.270999999999999
280	974	12.1775
281	1795	12.102500000000001
282	356	11.614
283	10287	11.5695
284	5999	11.368
285	23230	10.8165
286	1000	10.7135
287	2904	10.604
288	5587	10.4155
289	3769	10.074
290	1601	9.7015
291	2886	9.4065
292	53358	9.317
293	23236	9.0815
294	3561	8.906
295	3706	8.864
296	146722	8.4205
297	27071	8.246
298	5338	8.108
299	640	8.026
300	301	7.74
301	23607	7.123
302	29886	7.011
303	7430	6.772499999999999
304	10842	5.2775
305	1154	4.9265
306	89790	4.9005
307	4915	4.5115
308	2099	3.822
309	7316	3.6149999999999998
310	8853	3.6019999999999994
311	54900	3.5055
312	139716	3.101
313	3190	2.9074999999999998
314	5058	2.6045000000000003
315	7431	2.4579999999999997
316	58480	2.3095
317	5618	2.2115
318	916	2.0015
319	29998	1.9344999999999999
320	2533	1.8010000000000002
321	57127	1.721
322	3320	1.6545
323	7534	0.6205
324	921	0.604
325	3690	0.40199999999999997
326	8503	0.3005
327	2048	0.10200000000000001
328	140885	0.095
329	945	0.094
330	8302	0.0935
331	79465	0.093
332	80739	0.093
333	3362	0.093
334	80329	0.0925
335	3780	0.0925
336	22914	0.0915
337	54901	0.091
338	2212	0.0905
339	58473	0.0895
340	160622	0.0865
341	6263	0.08499999999999999
342	9368	0.08399999999999999
343	83543	0.08299999999999999
344	388585	0.08299999999999999
345	5330	0.08199999999999999
346	1609	0.081
347	5331	0.0805
348	80328	0.0805
349	83478	0.08
350	89869	0.08
351	10130	0.08
352	3563	0.08
353	5922	0.08
354	54822	0.0795
355	9162	0.078
356	5729	0.0775
357	3763	0.0775
358	1608	0.077
359	2560	0.077
360	1607	0.0765
361	4842	0.076
362	2917	0.0755
363	1080	0.0755
364	160851	0.075
365	151242	0.075
366	5568	0.075
367	2916	0.0745
368	2890	0.0745
369	5567	0.074
370	2137	0.0735
371	257068	0.0735
372	64805	0.0735
373	3315	0.0735
374	115703	0.073
375	8527	0.073
376	23566	0.073
377	5734	0.073
378	998	0.0725
379	2893	0.0725
380	8525	0.072
381	8506	0.0715
382	23007	0.0715
383	4215	0.071
384	9294	0.071
385	64857	0.0705
386	9651	0.0705
387	54866	0.0705
388	113026	0.06999999999999999
389	3269	0.06999999999999999
390	5334	0.06949999999999999
391	5243	0.06949999999999999
392	84812	0.06899999999999999
393	2825	0.06899999999999999
394	3707	0.0685
395	5332	0.068
396	81491	0.0675
397	51196	0.0675
398	58157	0.0675
399	119	0.0675
400	5333	0.067
401	353091	0.067
402	25780	0.067
403	3633	0.0665
404	8786	0.0665
405	118	0.0665
406	1606	0.066
407	4668	0.066
408	2705	0.066
409	3632	0.0655
410	253430	0.065
411	4637	0.065
412	5584	0.065
413	80271	0.0645
414	3326	0.0645
415	5583	0.0645
416	56623	0.0635
417	346562	0.0635
418	5582	0.0635
419	9229	0.063
420	27124	0.063
421	10480	0.063
422	3150	0.063
423	3636	0.0625
424	26353	0.0625
425	9054	0.062
426	3612	0.062
427	4924	0.062
428	1903	0.062
429	2769	0.062
430	8867	0.0615
431	9421	0.0615
432	643	0.061
433	4225	0.061
434	8526	0.0605
435	56165	0.0605
436	4900	0.0605
437	3613	0.06
438	8344	0.06
439	2673	0.06
440	51477	0.0595
441	3187	0.0595
442	4985	0.0595
443	3628	0.059
444	203068	0.059
445	8698	0.059
446	7137	0.059
447	51555	0.058499999999999996
448	2781	0.058499999999999996
449	2243	0.057999999999999996
450	2597	0.056999999999999995
451	821	0.056999999999999995
452	64714	0.056499999999999995
453	3105	0.056499999999999995
454	9228	0.05600000000000001
455	120	0.05600000000000001
456	3312	0.05550000000000001
457	65108	0.05550000000000001
458	60312	0.05500000000000001
459	8821	0.05450000000000001
460	433	0.05450000000000001
461	2931	0.054000000000000006
462	8517	0.053500000000000006
463	3559	0.053500000000000006
464	7504	0.053500000000000006
465	5029	0.053000000000000005
466	10202	0.053000000000000005
467	1267	0.053000000000000005
468	498	0.052500000000000005
469	9338	0.052500000000000005
470	29110	0.052000000000000005
471	1103	0.052000000000000005
472	11140	0.051500000000000004
473	5341	0.051500000000000004
474	10056	0.051000000000000004
475	3329	0.0505
476	9266	0.0505
477	11006	0.05
478	1654	0.05
479	7417	0.0495
480	1386	0.0495
481	7419	0.049
482	6199	0.049
483	29990	0.0485
484	7416	0.0485
485	917	0.0485
486	152189	0.048
487	309	0.048
488	94274	0.048
489	27335	0.0475
490	3842	0.047
491	4000	0.047
492	1974	0.0465
493	7074	0.0465
494	10128	0.046
495	3875	0.046
496	7846	0.0455
497	960	0.0455
498	8662	0.045
499	1933	0.0445
500	846	0.0445
501	6223	0.044
502	8663	0.0435
503	815	0.0435
504	8664	0.043
505	2023	0.042499999999999996
506	2566	0.042499999999999996
507	8668	0.041999999999999996
508	6383	0.041999999999999996
509	4311	0.041499999999999995
510	3184	0.040999999999999995
511	3646	0.0405
512	2902	0.0405
513	9590	0.04
514	302	0.0395
515	6876	0.0395
516	6204	0.039
517	2561	0.039
518	3921	0.0385
519	6207	0.038
520	5066	0.038
521	3837	0.0375
522	5901	0.037
523	3812	0.037
524	6206	0.0365
525	4969	0.0365
526	3749	0.0365
527	3181	0.036
528	2152	0.036
529	6222	0.0355
530	9267	0.0355
531	6229	0.034999999999999996
532	3689	0.034999999999999996
533	6175	0.034499999999999996
534	4082	0.034499999999999996
535	6135	0.034
536	5245	0.0335
537	6146	0.033
538	3178	0.0325
539	8682	0.0325
540	6202	0.032
541	5350	0.032
542	6749	0.0315
543	6176	0.031
544	154	0.031
545	6191	0.0305
546	6129	0.03
547	2670	0.03
548	1655	0.0295
549	6203	0.028999999999999998
550	4689	0.028999999999999998
551	81875	0.028499999999999998
552	6189	0.028499999999999998
553	9495	0.028499999999999998
554	6141	0.028000000000000004
555	5037	0.028000000000000004
556	6130	0.027500000000000004
557	4904	0.027000000000000003
558	6201	0.026500000000000003
559	818	0.026500000000000003
560	4691	0.026000000000000002
561	60	0.025500000000000002
562	4869	0.025
563	9020	0.0245
564	6156	0.024
565	286151	0.024
566	6205	0.0235
567	334	0.0235
568	6217	0.023
569	6944	0.023
570	140032	0.0225
571	1816	0.0225
572	6125	0.022
573	3554	0.022
574	9188	0.0215
575	58	0.0215
576	6228	0.020999999999999998
577	6124	0.020499999999999997
578	2091	0.02
579	6170	0.0195
580	6181	0.019
581	7153	0.019
582	497661	0.0185
583	9045	0.018
584	6171	0.017499999999999998
585	6218	0.017
586	6209	0.0165
587	54101	0.0165
588	72	0.016
589	6161	0.0155
590	6235	0.015
591	55131	0.014499999999999999
592	51631	0.014000000000000002
593	207	0.014000000000000002
594	6134	0.013500000000000002
595	6503	0.013500000000000002
596	6157	0.013000000000000001
597	3280	0.013000000000000001
598	6732	0.0125
599	10514	0.012
600	6137	0.0115
601	9221	0.011
602	3007	0.010499999999999999
603	2197	0.01
604	6194	0.0095
605	26156	0.009
606	6173	0.0085
607	6147	0.008
608	11137	0.0075
609	25873	0.007000000000000001
610	6210	0.006500000000000001
611	6128	0.006
612	8971	0.0055
613	8471	0.0055
614	2322	0.0055
615	6132	0.005
616	6155	0.0045
617	9349	0.004
618	55681	0.0035000000000000005
619	50852	0.0035000000000000005
620	973	0.003
621	51602	0.003
622	4736	0.0025
623	6667	0.002
624	8342	0.002
625	55299	0.0015
626	1938	0.001
627	11250	0.001
628	6208	0.0005
