rank	node	rank_score
1	6709	177.2965
2	6546	171.29149999999998
3	6711	166.3945
4	3048	158.3
5	6005	154.69850000000002
6	287	153.696
7	54625	152.899
8	2995	133.99650000000003
9	5199	131.898
10	7316	127.59949999999999
11	2885	123.795
12	3046	119.5
13	118	115.09549999999999
14	1616	114.9935
15	7529	106.9835
16	10878	96.896
17	6714	95.475
18	2994	92.696
19	6233	87.4975
20	7314	86.79249999999999
21	7311	81.99199999999999
22	56957	81.579
23	57007	80.38
24	4194	78.083
25	721	73.3915
26	3780	70.7895
27	6667	67.592
28	8724	67.0895
29	152137	64.1815
30	245711	64.09
31	7532	63.580999999999996
32	11326	56.697
33	25	54.489999999999995
34	25946	54.1955
35	7157	53.972
36	1956	53.661500000000004
37	3621	45.7645
38	7345	44.97
39	7763	44.474000000000004
40	1027	44.266999999999996
41	7837	44.1755
42	4193	42.986000000000004
43	3312	41.286
44	50807	40.222500000000004
45	3480	39.869
46	4215	39.4855
47	2064	39.352
48	5335	38.85
49	5580	38.635000000000005
50	1639	38.194
51	7534	37.8725
52	867	37.473
53	4233	37.429
54	3300	37.1885
55	2175	37.091499999999996
56	8737	36.8775
57	51024	36.5875
58	6850	36.4495
59	653226	36.293
60	2534	36.275
61	5578	36.209500000000006
62	5295	35.868
63	7874	35.687
64	6464	35.472500000000004
65	246	35.39149999999999
66	8916	35.382
67	54708	35.1865
68	8562	34.984500000000004
69	1398	34.769999999999996
70	408	34.7525
71	409	34.751
72	5077	34.582
73	5591	34.346500000000006
74	613	34.083000000000006
75	58512	33.9425
76	4690	33.757
77	4067	33.476
78	3932	33.121500000000005
79	3897	33.079499999999996
80	11035	32.987
81	3326	32.5595
82	1399	32.1645
83	56254	31.963
84	10987	31.774
85	23136	31.661
86	30850	31.275
87	10006	31.2545
88	11184	31.148500000000002
89	5747	30.857999999999997
90	6654	30.761000000000003
91	3643	30.465999999999998
92	2185	30.4435
93	3667	30.374000000000002
94	2889	30.362000000000002
95	4904	30.326
96	7531	29.771000000000004
97	27342	29.083000000000006
98	4137	28.883499999999998
99	2081	28.584000000000003
100	6655	28.460500000000003
101	5770	28.0865
102	7533	27.96
103	2065	27.9475
104	1457	27.924
105	5788	27.849
106	7409	27.847
107	5781	27.764
108	9846	27.7635
109	5777	27.565499999999997
110	85358	27.542
111	58	27.3935
112	868	27.336000000000002
113	5590	27.305500000000002
114	3937	27.141
115	3320	27.077999999999996
116	7189	27.070500000000003
117	56955	27.0525
118	80831	26.9555
119	5159	26.7565
120	30011	26.7135
121	60	26.5825
122	5921	26.267500000000002
123	27	26.043
124	128853	25.846500000000002
125	23118	25.685000000000002
126	3717	25.363
127	55824	25.0715
128	5782	25.032999999999998
129	7248	24.965
130	2057	24.866500000000002
131	7535	24.844
132	6452	24.815
133	7415	24.7425
134	6885	24.476999999999997
135	9564	24.458499999999997
136	445815	24.248
137	10451	23.7455
138	10892	23.6675
139	3551	23.369
140	3815	23.367
141	83747	22.8345
142	203068	22.579500000000003
143	8651	22.551
144	29760	22.3375
145	5336	22.240000000000002
146	3055	22.1405
147	8717	22.072
148	1796	22.055
149	1441	22.026
150	7132	21.588
151	3303	21.3655
152	4628	21.2825
153	4627	20.948
154	5829	20.8385
155	6774	20.631999999999998
156	10657	20.631
157	3309	20.568
158	56995	20.5535
159	841	20.553
160	6772	20.529500000000002
161	27040	20.430500000000002
162	5970	20.162
163	10603	19.856
164	3725	19.810499999999998
165	7410	19.6125
166	9759	19.392500000000002
167	9103	19.302500000000002
168	392510	19.2895
169	8853	19.275
170	3716	19.146
171	2549	19.139499999999998
172	5566	19.0795
173	91624	18.683500000000002
174	4632	18.593
175	5296	18.450499999999998
176	126669	18.188499999999998
177	3684	18.188
178	8660	18.1695
179	6549	18.086000000000002
180	1029	17.9555
181	10278	17.937
182	4793	17.759999999999998
183	1445	17.738
184	717	17.691499999999998
185	4478	17.686
186	79184	17.5765
187	83737	17.478
188	2066	17.3335
189	960	17.188499999999998
190	84033	17.091
191	7430	17.0825
192	26064	16.9805
193	23429	16.9635
194	285855	16.8805
195	57190	16.878999999999998
196	2321	16.823500000000003
197	1387	16.782
198	1758	16.693
199	7525	16.654
200	23586	16.580000000000002
201	22839	16.28
202	92591	16.178
203	8529	16.0775
204	1439	16.027
205	5894	15.906
206	7347	15.878499999999999
207	4637	15.836000000000002
208	7287	15.8215
209	84717	15.7745
210	165918	15.681999999999999
211	6793	15.6775
212	6776	15.653
213	6777	15.5575
214	3560	15.535499999999999
215	5594	15.4165
216	6792	15.382499999999999
217	4914	15.3625
218	498	15.131
219	1436	15.065000000000001
220	301	15.0455
221	6207	14.841500000000002
222	4486	14.651499999999999
223	5429	14.620500000000002
224	356	14.607
225	3702	14.519
226	2969	14.4345
227	695	14.410500000000003
228	558	14.409
229	60598	14.3655
230	4738	14.1685
231	8728	14.075999999999999
232	10971	13.9625
233	9020	13.956999999999999
234	64714	13.937000000000001
235	51305	13.559000000000001
236	7486	13.558000000000002
237	3777	13.449000000000002
238	9749	13.444999999999999
239	7846	13.433499999999999
240	6191	13.4315
241	5111	13.27
242	1840	12.977
243	7249	12.961500000000001
244	10128	12.938999999999998
245	6135	12.934000000000001
246	4792	12.763
247	672	12.747
248	3635	12.73
249	3769	12.479000000000001
250	1213	12.4625
251	7462	12.336500000000001
252	801	12.256499999999999
253	2690	12.245000000000001
254	6223	12.232
255	3014	11.8835
256	51474	11.8665
257	23164	11.754999999999999
258	7006	11.623
259	1601	11.501000000000001
260	7128	11.453
261	10454	11.371500000000001
262	3654	11.262
263	113457	11.1695
264	7155	11.1575
265	7431	11.1505
266	8517	11.071
267	6202	11.0355
268	6201	10.9305
269	29110	10.7745
270	156	10.7735
271	5901	10.728
272	2209	10.711
273	7278	10.6735
274	3269	10.667
275	4691	10.503
276	1147	10.456
277	1654	10.4395
278	10382	10.375499999999999
279	3065	10.374500000000001
280	57127	10.370000000000001
281	2887	10.359
282	7186	10.2785
283	27240	10.234
284	1326	10.1685
285	302	10.154
286	3718	10.131499999999999
287	5795	10.124500000000001
288	3313	9.9615
289	6128	9.841
290	3308	9.801
291	5287	9.7595
292	6204	9.7325
293	1017	9.7235
294	3305	9.673
295	207	9.6535
296	10010	9.564499999999999
297	4794	9.3605
298	4609	9.326
299	4790	9.261
300	9021	9.2325
301	808	9.057500000000001
302	7275	9.0285
303	5971	8.959
304	8243	8.9215
305	71	8.8585
306	1869	8.828
307	6146	8.8275
308	790	8.7765
309	3875	8.6635
310	1917	8.652
311	5156	8.644499999999999
312	4791	8.564
313	4214	8.466
314	10750	8.425
315	1459	8.384
316	6156	8.3495
317	5787	8.308
318	857	8.2155
319	8454	8.143
320	2033	8.14
321	805	8.063500000000001
322	6203	8.025
323	5800	7.8165
324	92609	7.755
325	4582	7.715999999999999
326	9641	7.694
327	3575	7.6275
328	8607	7.554
329	2099	7.542
330	220717	7.4475
331	8239	7.3454999999999995
332	5925	7.336499999999999
333	347733	7.2545
334	7133	7.176
335	6597	7.0845
336	10856	7.044499999999999
337	9532	6.9505
338	7185	6.8515
339	26191	6.8180000000000005
340	3066	6.664
341	5966	6.6579999999999995
342	6129	6.6375
343	11140	6.5489999999999995
344	6206	6.528999999999999
345	6461	6.525499999999999
346	3301	6.472499999999999
347	7454	6.412999999999999
348	5371	6.386
349	6130	6.3295
350	54923	6.203
351	3310	5.8534999999999995
352	7297	5.8185
353	708	5.7555
354	3572	5.717499999999999
355	6175	5.715999999999999
356	8767	5.6665
357	1499	5.6025
358	4646	5.5905000000000005
359	3921	5.4245
360	5595	5.424
361	6141	5.4205
362	367	5.2524999999999995
363	2734	5.1485
364	9919	5.05
365	6229	5.037
366	6176	5.0225
367	6222	4.933
368	3791	4.8195
369	4869	4.6775
370	55715	4.6594999999999995
371	6189	4.6265
372	8915	4.365
373	6232	4.1450000000000005
374	2322	4.117
375	10818	4.021
376	6125	3.821
377	6155	3.7235
378	6188	3.5380000000000003
379	25970	3.4415
380	2197	3.4219999999999997
381	6228	3.31
382	23607	3.3005000000000004
383	6886	3.2310000000000003
384	6161	3.2115
385	1933	3.143
386	5771	3.02
387	6235	3.0149999999999997
388	6205	2.94
389	5793	2.9065
390	6749	2.8355
391	6218	2.818
392	2023	2.747
393	6137	2.723
394	10056	2.638
395	6181	2.628
396	7417	2.5460000000000003
397	6231	2.5164999999999997
398	4088	2.4875
399	2597	2.456
400	25873	2.427
401	5058	2.412
402	4736	2.32
403	5134	2.242
404	5979	2.222
405	6165	2.2195
406	660	2.2145
407	3837	2.131
408	140032	2.1215
409	100124696	2.104
410	1386	2.0545
411	1655	2.021
412	6160	2.0125
413	6124	1.909
414	3329	1.826
415	23054	1.8175000000000001
416	6154	1.8039999999999998
417	1022	1.7269999999999999
418	5170	1.703
419	8664	1.6425
420	9349	1.6350000000000002
421	6170	1.5135
422	309	1.442
423	5325	1.4335
424	497661	1.411
425	7010	1.4075
426	10202	1.345
427	6192	1.3155
428	6209	1.2105000000000001
429	3184	1.1365
430	6167	1.1145
431	1432	1.1105
432	27071	1.105
433	7419	1.037
434	6136	1.0095
435	7416	0.9359999999999999
436	2213	0.9265000000000001
437	6227	0.9255000000000001
438	5175	0.9085000000000001
439	6217	0.844
440	1051	0.836
441	27335	0.7405
442	6208	0.7384999999999999
443	8850	0.7355
444	7852	0.7045
445	6171	0.6174999999999999
446	6164	0.514
447	3187	0.434
448	4087	0.433
449	6230	0.413
450	2242	0.40149999999999997
451	3842	0.2435
452	9402	0.2205
453	6168	0.2015
454	10480	0.1395
455	6234	0.11200000000000002
456	6397	0.096
457	2039	0.0945
458	5568	0.094
459	2638	0.0935
460	54866	0.0935
461	5567	0.093
462	719	0.0925
463	3017	0.0925
464	9562	0.092
465	359	0.0915
466	11062	0.0915
467	8491	0.0915
468	873	0.091
469	1368	0.091
470	9945	0.091
471	23116	0.0905
472	119	0.0905
473	78988	0.09
474	2673	0.09
475	2176	0.09
476	151242	0.0895
477	823	0.0895
478	7873	0.089
479	783	0.089
480	2875	0.089
481	100	0.0885
482	7490	0.0885
483	2189	0.0885
484	114798	0.0875
485	100293534	0.0875
486	4771	0.0875
487	2188	0.0875
488	6506	0.0875
489	7373	0.087
490	8736	0.087
491	7048	0.0865
492	5648	0.0865
493	7408	0.0865
494	51582	0.086
495	9611	0.08549999999999999
496	4059	0.08549999999999999
497	3384	0.08549999999999999
498	4292	0.08549999999999999
499	552900	0.08499999999999999
500	8841	0.08499999999999999
501	10749	0.08499999999999999
502	2178	0.08499999999999999
503	5007	0.08449999999999999
504	2705	0.08449999999999999
505	51592	0.08399999999999999
506	26130	0.08399999999999999
507	6693	0.08399999999999999
508	2177	0.08399999999999999
509	6601	0.08349999999999999
510	3383	0.08349999999999999
511	5588	0.08349999999999999
512	7156	0.08349999999999999
513	6599	0.08299999999999999
514	727	0.08299999999999999
515	641	0.08299999999999999
516	57492	0.08249999999999999
517	3105	0.08249999999999999
518	22909	0.08249999999999999
519	6402	0.08199999999999999
520	5778	0.08199999999999999
521	2187	0.08199999999999999
522	4089	0.08149999999999999
523	5583	0.08149999999999999
524	80010	0.08149999999999999
525	4734	0.08149999999999999
526	6497	0.081
527	5734	0.081
528	55120	0.081
529	7251	0.081
530	5670	0.0805
531	355	0.0805
532	2560	0.0805
533	57697	0.0805
534	8202	0.08
535	2891	0.08
536	9495	0.08
537	6118	0.08
538	10847	0.0795
539	5581	0.0795
540	6117	0.0795
541	85453	0.079
542	9314	0.079
543	6119	0.079
544	10498	0.0785
545	5962	0.0785
546	624	0.0785
547	378708	0.0785
548	9228	0.0785
549	8289	0.078
550	3689	0.078
551	79443	0.078
552	9229	0.078
553	7421	0.0775
554	4689	0.0775
555	4221	0.0775
556	6603	0.077
557	4969	0.077
558	116028	0.077
559	286343	0.077
560	6602	0.0765
561	5584	0.0765
562	201254	0.0765
563	6605	0.076
564	5243	0.076
565	80233	0.076
566	133746	0.076
567	11250	0.076
568	7044	0.0755
569	5888	0.0755
570	5081	0.0755
571	25942	0.075
572	120892	0.075
573	4842	0.075
574	5982	0.075
575	26994	0.075
576	5339	0.0745
577	4070	0.0745
578	22941	0.0745
579	6598	0.074
580	396	0.074
581	60312	0.074
582	675	0.074
583	84790	0.074
584	9774	0.0735
585	86	0.0735
586	610	0.0735
587	2810	0.0735
588	4438	0.0735
589	11201	0.0735
590	4298	0.073
591	5582	0.073
592	545	0.073
593	57410	0.0725
594	55103	0.0725
595	3150	0.0725
596	472	0.0725
597	345651	0.0725
598	196528	0.072
599	8795	0.072
600	6383	0.072
601	1795	0.072
602	5928	0.0715
603	387	0.0715
604	2893	0.0715
605	22944	0.0715
606	654483	0.0715
607	55193	0.071
608	10021	0.071
609	5599	0.071
610	983	0.071
611	4217	0.0705
612	8819	0.0705
613	9421	0.0705
614	6604	0.06999999999999999
615	7352	0.06999999999999999
616	5579	0.06999999999999999
617	9793	0.06999999999999999
618	6595	0.06949999999999999
619	7137	0.06949999999999999
620	11144	0.06949999999999999
621	23163	0.06949999999999999
622	5931	0.06899999999999999
623	5502	0.06899999999999999
624	4900	0.06899999999999999
625	5981	0.06899999999999999
626	26088	0.06899999999999999
627	1108	0.0685
628	56141	0.0685
629	23313	0.0685
630	843	0.0685
631	2902	0.0685
632	55655	0.0685
633	1843	0.0685
634	2243	0.068
635	5893	0.068
636	8887	0.068
637	85509	0.0675
638	637	0.0675
639	2931	0.0675
640	10309	0.0675
641	1540	0.067
642	10284	0.067
643	2890	0.067
644	2956	0.067
645	53615	0.0665
646	2915	0.0665
647	5378	0.0665
648	5977	0.066
649	8772	0.066
650	114625	0.066
651	5426	0.066
652	9219	0.0655
653	51307	0.0655
654	1103	0.0655
655	5424	0.0655
656	9784	0.0655
657	8932	0.065
658	23677	0.065
659	120	0.065
660	5422	0.065
661	27343	0.065
662	51742	0.0645
663	5984	0.0645
664	2904	0.064
665	3978	0.064
666	10806	0.0635
667	57504	0.0635
668	25780	0.0635
669	6237	0.0635
670	6908	0.063
671	94274	0.063
672	10714	0.063
673	57459	0.0625
674	5587	0.0625
675	4683	0.0625
676	23186	0.062
677	28954	0.062
678	4436	0.062
679	55095	0.0615
680	821	0.0615
681	10111	0.0615
682	23028	0.061
683	1080	0.061
684	890	0.061
685	55636	0.0605
686	4361	0.0605
687	54815	0.06
688	9054	0.06
689	5558	0.06
690	6880	0.0595
691	3691	0.0595
692	3749	0.0595
693	571	0.0595
694	1107	0.059
695	65108	0.059
696	580	0.059
697	4297	0.058499999999999996
698	3280	0.058499999999999996
699	57804	0.058499999999999996
700	8189	0.057999999999999996
701	4225	0.057999999999999996
702	56655	0.057499999999999996
703	9112	0.056999999999999995
704	5037	0.056999999999999995
705	23649	0.056999999999999995
706	6872	0.056499999999999995
707	51599	0.056499999999999995
708	433	0.056499999999999995
709	142	0.056499999999999995
710	53981	0.05600000000000001
711	5557	0.05600000000000001
712	11091	0.05550000000000001
713	26353	0.05550000000000001
714	6878	0.05500000000000001
715	7504	0.05500000000000001
716	9472	0.05500000000000001
717	8467	0.05450000000000001
718	54107	0.05450000000000001
719	6883	0.054000000000000006
720	6199	0.054000000000000006
721	11073	0.054000000000000006
722	5425	0.053500000000000006
723	79890	0.053500000000000006
724	5929	0.053000000000000005
725	7150	0.053000000000000005
726	4985	0.052500000000000005
727	5427	0.052500000000000005
728	23309	0.052000000000000005
729	1267	0.052000000000000005
730	7153	0.052000000000000005
731	9203	0.051500000000000004
732	150	0.051500000000000004
733	770	0.051000000000000004
734	51341	0.051000000000000004
735	3315	0.051000000000000004
736	9656	0.051000000000000004
737	2959	0.0505
738	55321	0.0505
739	2769	0.0505
740	5983	0.0505
741	23230	0.0505
742	7520	0.05
743	29998	0.05
744	51317	0.0495
745	2119	0.0495
746	1111	0.0495
747	54760	0.049
748	126393	0.049
749	9343	0.0485
750	154	0.0485
751	7750	0.048
752	5341	0.048
753	5884	0.048
754	4204	0.0475
755	917	0.0475
756	150684	0.047
757	3364	0.047
758	3178	0.0465
759	23199	0.0465
760	846	0.0465
761	3839	0.046
762	83860	0.046
763	6876	0.046
764	891	0.046
765	5883	0.0455
766	3360	0.045
767	6514	0.045
768	7014	0.045
769	10362	0.0445
770	2911	0.0445
771	1024	0.044
772	9590	0.044
773	292	0.0435
774	54457	0.0435
775	5985	0.0435
776	64426	0.043
777	64421	0.043
778	2960	0.042499999999999996
779	11200	0.042499999999999996
780	63922	0.041999999999999996
781	2965	0.041499999999999995
782	5066	0.041499999999999995
783	7013	0.041499999999999995
784	5430	0.040999999999999995
785	80331	0.040999999999999995
786	7158	0.040999999999999995
787	257397	0.040999999999999995
788	10985	0.0405
789	2962	0.0405
790	2566	0.0405
791	10589	0.0395
792	5810	0.0395
793	8668	0.039
794	9612	0.039
795	9267	0.039
796	2237	0.039
797	9412	0.0385
798	165904	0.0385
799	5932	0.0385
800	1487	0.038
801	2152	0.038
802	2547	0.038
803	892	0.0375
804	815	0.0375
805	3981	0.0375
806	2071	0.037
807	54386	0.037
808	6224	0.0365
809	6236	0.0365
810	1026	0.036
811	51720	0.0355
812	920	0.034999999999999996
813	2967	0.034999999999999996
814	2561	0.034999999999999996
815	3646	0.034499999999999996
816	3183	0.034499999999999996
817	6613	0.034499999999999996
818	4780	0.034
819	5395	0.034
820	8662	0.0335
821	2670	0.0335
822	26277	0.0335
823	10399	0.033
824	2781	0.033
825	163126	0.0325
826	4082	0.0325
827	63967	0.0325
828	8663	0.032
829	51412	0.032
830	10287	0.032
831	8344	0.0315
832	9031	0.0315
833	3554	0.0315
834	5132	0.031
835	5757	0.031
836	2771	0.0305
837	10320	0.0305
838	7074	0.0305
839	7518	0.0305
840	6122	0.03
841	4311	0.03
842	7704	0.03
843	8826	0.03
844	7515	0.03
845	2908	0.0295
846	84687	0.0295
847	200558	0.0295
848	1974	0.028999999999999998
849	3559	0.028999999999999998
850	9557	0.028999999999999998
851	6169	0.028499999999999998
852	8295	0.028499999999999998
853	8682	0.028499999999999998
854	836	0.028499999999999998
855	4000	0.028000000000000004
856	3980	0.028000000000000004
857	10735	0.027500000000000004
858	4001	0.027500000000000004
859	993	0.027500000000000004
860	9816	0.027000000000000003
861	328	0.027000000000000003
862	6421	0.027000000000000003
863	28996	0.026500000000000003
864	995	0.026500000000000003
865	9266	0.026000000000000002
866	10274	0.025500000000000002
867	673	0.025500000000000002
868	990	0.025500000000000002
869	11177	0.025
870	3706	0.025
871	64919	0.0245
872	15	0.0245
873	6132	0.024
874	3181	0.024
875	5521	0.024
876	5245	0.0235
877	5909	0.0235
878	9126	0.023
879	4058	0.023
880	5506	0.023
881	4998	0.023
882	5885	0.0225
883	334	0.0225
884	7329	0.0225
885	2289	0.0225
886	146722	0.0225
887	6304	0.022
888	4999	0.022
889	933	0.0215
890	11198	0.020999999999999998
891	4331	0.020499999999999997
892	572	0.020499999999999997
893	902	0.02
894	6624	0.02
895	10627	0.02
896	221079	0.0195
897	6193	0.019
898	23047	0.019
899	653361	0.019
900	4605	0.019
901	293	0.019
902	9045	0.0185
903	5469	0.0185
904	5350	0.0185
905	8900	0.0185
906	7067	0.018
907	5933	0.018
908	4950	0.017499999999999998
909	55775	0.017499999999999998
910	6133	0.017
911	2966	0.017
912	10019	0.017
913	26574	0.017
914	64111	0.0165
915	2068	0.016
916	2764	0.016
917	5926	0.0155
918	595	0.0155
919	1025	0.015
920	2697	0.015
921	81620	0.015
922	2968	0.014499999999999999
923	6944	0.014499999999999999
924	404672	0.014000000000000002
925	817	0.014000000000000002
926	29028	0.013500000000000002
927	6011	0.013500000000000002
928	7503	0.013500000000000002
929	79595	0.013000000000000001
930	4145	0.013000000000000001
931	818	0.013000000000000001
932	7161	0.013000000000000001
933	4739	0.013000000000000001
934	2961	0.0125
935	54921	0.0125
936	3622	0.012
937	5439	0.0115
938	2268	0.0115
939	1385	0.0115
940	7374	0.0115
941	5431	0.011
942	2130	0.011
943	1050	0.011
944	23093	0.010499999999999999
945	602	0.01
946	930	0.01
947	6197	0.01
948	5435	0.0095
949	10000	0.0095
950	1019	0.0095
951	5440	0.009
952	2932	0.009
953	6173	0.0085
954	6143	0.0085
955	6874	0.0085
956	6134	0.008
957	8473	0.008
958	9338	0.008
959	5934	0.008
960	6152	0.0075
961	2963	0.0075
962	6451	0.0075
963	29886	0.0075
964	6210	0.007000000000000001
965	25855	0.007000000000000001
966	4638	0.007000000000000001
967	6147	0.006500000000000001
968	2353	0.006500000000000001
969	688	0.006500000000000001
970	6502	0.006500000000000001
971	11224	0.006
972	5438	0.006
973	898	0.006
974	6144	0.0055
975	70	0.0055
976	6194	0.005
977	5433	0.005
978	1390	0.005
979	1021	0.005
980	4673	0.0045
981	5432	0.0045
982	6198	0.0045
983	4171	0.0045
984	5437	0.004
985	2260	0.004
986	55681	0.0035000000000000005
987	5436	0.0035000000000000005
988	5796	0.0035000000000000005
989	3561	0.0035000000000000005
990	5441	0.003
991	1523	0.003
992	8470	0.003
993	6138	0.0025
994	5434	0.0025
995	6195	0.0025
996	6157	0.002
997	573	0.002
998	640	0.002
999	72	0.0015
1000	26015	0.0015
1001	6196	0.0015
1002	4654	0.0015
1003	6187	0.001
1004	357	0.001
1005	1874	0.001
1006	6159	0.0005
1007	9150	0.0005
1008	208	0.0005
1009	79075	0.0005
1010	8440	0.0005
