rank	node	rank_score
1	5309	180.1
2	55269	179.1995
3	11193	178.299
4	54894	177.298
5	11052	169.293
6	11051	166.592
7	8449	165.4915
8	6626	165.0895
9	9343	164.189
10	6628	162.7885
11	6427	161.888
12	7756	161.18699999999998
13	9984	159.7865
14	6627	159.1875
15	27336	157.785
16	7536	156.0845
17	51729	154.584
18	9128	153.9835
19	6625	152.483
20	10421	151.182
21	79228	151.0825
22	10286	148.6815
23	79002	148.68099999999998
24	8175	147.8855
25	8559	147.57999999999998
26	94104	146.5795
27	57187	145.67849999999999
28	10594	145.09
29	84811	144.778
30	84321	143.8775
31	11338	143.19099999999997
32	29105	142.977
33	23759	141.9765
34	7307	141.6905
35	11017	141.076
36	8563	140.1755
37	58517	139.275
38	10465	138.37449999999998
39	10915	137.579
40	51755	137.374
41	4076	137.0975
42	8896	136.4735
43	79869	136.397
44	10978	135.69650000000001
45	64783	135.473
46	51692	134.996
47	80145	134.5725
48	2968	134.2955
49	5725	133.595
50	3550	133.472
51	4361	132.8945
52	6431	132.57150000000001
53	2071	132.19400000000002
54	8683	131.671
55	7082	131.49349999999998
56	51747	130.7705
57	51585	130.0925
58	22916	129.77
59	10291	128.9805
60	6434	128.8695
61	6429	127.869
62	6430	126.96849999999999
63	9879	125.968
64	5496	125.0675
65	9295	124.167
66	9416	123.96199999999999
67	22985	123.1665
68	1153	122.16599999999998
69	51690	121.0655
70	22826	120.56500000000001
71	23350	119.4645
72	10262	119.04099999999998
73	6631	118.564
74	10713	117.6635
75	56259	116.46300000000001
76	6432	115.4625
77	25804	114.5615
78	7919	113.36100000000002
79	9092	112.26050000000001
80	84991	112.25999999999999
81	23013	110.9595
82	23398	109.9585
83	53938	108.958
84	4686	107.95750000000001
85	57461	106.957
86	1659	106.0565
87	9716	105.056
88	25949	104.05550000000001
89	55696	103.05499999999999
90	10450	102.15450000000001
91	51362	101.154
92	10189	100.85900000000001
93	51340	100.2535
94	58509	99.353
95	57703	98.4525
96	51645	97.55199999999999
97	8220	96.6515
98	51428	95.751
99	10285	94.8505
100	9584	93.95
101	25962	93.0495
102	10569	92.049
103	56949	90.9485
104	10946	90.3475
105	4236	89.548
106	5356	88.747
107	51503	87.2465
108	9410	87.24600000000001
109	9589	85.84549999999999
110	23020	85.186
111	8899	84.845
112	10521	83.94449999999999
113	23524	82.744
114	1655	82.03099999999999
115	27339	81.84349999999999
116	51593	81.343
117	10250	80.14200000000001
118	24148	79.8425
119	9939	78.44149999999999
120	23517	76.7405
121	26121	75.74
122	57819	74.73949999999999
123	22827	73.639
124	6629	72.6385
125	55660	72.238
126	9785	71.3375
127	6426	70.337
128	988	69.3365
129	9129	68.436
130	10921	67.5355
131	22938	66.635
132	51639	65.7345
133	4343	64.834
134	10643	63.9335
135	4809	63.032999999999994
136	1654	61.431999999999995
137	24144	60.532500000000006
138	1665	59.43150000000001
139	10992	57.83050000000001
140	9775	56.73
141	23451	55.82950000000001
142	26986	54.928999999999995
143	1660	54.028499999999994
144	23450	53.128
145	6634	52.2275
146	6635	51.126999999999995
147	6637	50.6265
148	6636	49.426
149	6632	48.7255
150	6633	47.725
151	55596	46.8245
152	60625	45.924
153	55094	45.0235
154	84292	44.123000000000005
155	10283	43.222500000000004
156	2483	42.322
157	220988	41.221000000000004
158	22913	40.5205
159	27316	39.721500000000006
160	161725	39.3985
161	27258	38.82
162	4116	37.8195
163	5411	36.919
164	10236	36.0185
165	3187	35.118
166	3190	33.917500000000004
167	3181	33.617000000000004
168	4670	32.116
169	3185	31.816499999999998
170	10492	30.615499999999997
171	3192	29.714999999999996
172	3178	28.8145
173	3183	27.913999999999998
174	10523	27.0135
175	83443	26.113
176	10131	25.2125
177	84844	24.212
178	10362	23.5115
179	3084	21.911
180	3608	21.91
181	140890	21.0105
182	3329	19.8095
183	4904	18.109
184	8233	17.2085
185	10081	16.308
186	154007	15.3075
187	85437	14.607
188	55954	13.506499999999999
189	26823	12.606
190	55599	12.004999999999999
191	22828	11.2035
192	11066	10.6045
193	8493	10.303
194	79622	10.2055
195	9689	9.4025
196	26824	9.203999999999999
197	9814	8.501999999999999
198	1778	5.4015
199	7153	4.5009999999999994
200	9733	3.6004999999999994
201	6732	2.3005
202	10985	1.3050000000000002
203	3312	0.9045
204	5591	0.8035
205	5499	0.704
206	6925	0.603
207	2521	0.5025000000000001
208	7532	0.40149999999999997
209	79706	0.301
210	8487	0.202
211	114034	0.10049999999999999
