rank	node	rank_score
1	5104	179.099
2	5627	177.9955
3	2811	175.897
4	7056	174.79749999999999
5	961	169.49650000000003
6	11093	169.19850000000002
7	7057	168.095
8	5269	167.974
9	928	166.296
10	8475	159.294
11	811	158.09449999999998
12	388552	156.3
13	5327	154.98499999999999
14	55330	154.2935
15	1278	153.09949999999998
16	63915	152.292
17	2160	151.5625
18	2647	151.0915
19	5340	150.88
20	51156	150.298
21	282991	149.99099999999999
22	2335	149.9845
23	5345	148.969
24	10947	148.88899999999998
25	23557	148.69
26	3675	148.3905
27	10239	146.6885
28	84062	146.4855
29	3688	146.4785
30	1176	145.68800000000002
31	5328	145.1715
32	8120	144.2875
33	26985	143.387
34	1277	142.9895
35	8943	142.3865
36	8546	141.586
37	7052	141.472
38	6678	141.2815
39	4811	138.7775
40	8170	137.882
41	950	136.0825
42	7781	135.88299999999998
43	3685	134.071
44	4318	131.376
45	3678	130.47449999999998
46	27329	122.57000000000001
47	164656	121.9805
48	4856	120.65349999999998
49	5653	119.8575
50	2192	118.14949999999999
51	3673	117.98400000000001
52	4035	117.268
53	1490	115.953
54	284217	113.578
55	6714	113.55999999999999
56	3817	112.67999999999999
57	5274	112.57950000000001
58	3273	112.47350000000002
59	3339	112.3765
60	5054	112.279
61	1305	111.5755
62	22801	111.273
63	5549	111.17049999999999
64	80781	108.16749999999999
65	2199	107.46849999999999
66	3827	105.848
67	5747	104.26700000000001
68	1293	103.4665
69	9933	102.275
70	2814	102.19300000000001
71	1285	101.35900000000001
72	351	101.04650000000001
73	1282	99.4635
74	4982	99.2695
75	89777	98.964
76	5029	97.8585
77	1286	94.05499999999999
78	7045	93.8615
79	5270	93.056
80	5310	92.7485
81	1287	92.152
82	1288	91.5525
83	1284	91.451
84	7040	91.249
85	1634	90.154
86	1101	89.3725
87	3026	88.6515
88	1280	87.866
89	22918	87.7475
90	4147	86.8445
91	6288	85.458
92	3693	85.0335
93	1690	83.965
94	22795	82.763
95	5008	82.75
96	4324	81.8545
97	5329	79.14099999999999
98	1956	76.361
99	3672	75.8655
100	2534	75.34049999999999
101	5335	74.262
102	7448	73.176
103	1991	73.0495
104	7094	73.045
105	64866	72.3595
106	213	72.0835
107	5829	66.6395
108	6464	64.824
109	6667	64.5505
110	2934	64.346
111	4067	63.737
112	651	63.64300000000001
113	90070	62.841499999999996
114	2185	60.739999999999995
115	57165	59.876999999999995
116	5155	58.266
117	5175	57.935
118	633	56.5505
119	51454	56.375
120	6696	55.048
121	84940	53.99249999999999
122	7035	53.855500000000006
123	354	52.580999999999996
124	5295	51.230999999999995
125	9564	50.338499999999996
126	960	49.144
127	64714	49.134
128	1398	48.4345
129	2006	48.147000000000006
130	2885	47.047000000000004
131	1399	46.423
132	5781	46.3315
133	867	45.326
134	5154	45.054500000000004
135	11184	44.718
136	1796	44.512
137	2316	44.439
138	6850	44.4325
139	710	44.275
140	25	43.927
141	53353	43.838
142	4052	43.542
143	10278	41.936
144	2889	40.8245
145	3486	40.679
146	3386	40.0745
147	10085	38.868
148	3694	38.641
149	4313	38.5495
150	5156	37.116
151	2208	36.957
152	4690	36.839
153	1445	36.107
154	2200	35.846
155	5782	35.32899999999999
156	5159	34.8305
157	6414	34.560500000000005
158	2064	34.427499999999995
159	58512	33.938
160	9846	33.6225
161	4237	33.441500000000005
162	1294	33.3645
163	2317	32.82
164	613	32.1135
165	56995	31.017000000000003
166	5921	30.922000000000004
167	7070	30.834500000000002
168	6655	30.433
169	3815	30.2155
170	7373	27.6435
171	2321	27.4375
172	9103	27.4355
173	2065	27.220499999999998
174	2923	27.1575
175	5578	26.028
176	27	25.7175
177	3290	24.974
178	3932	24.8095
179	4316	24.744999999999997
180	6654	24.5185
181	3684	23.934
182	2201	23.829
183	57190	23.520999999999997
184	3055	23.410500000000003
185	56955	22.926499999999997
186	80831	22.828
187	3480	22.719
188	3918	22.6665
189	7525	21.801499999999997
190	5858	21.7485
191	2057	20.715
192	3371	20.4565
193	5777	20.213
194	3643	20.1115
195	3791	19.241
196	5336	19.1365
197	5118	18.164499999999997
198	6401	17.826
199	29760	17.72
200	2066	17.3215
201	6776	17.1165
202	10006	16.802500000000002
203	9784	16.5245
204	7409	16.4125
205	2549	16.31
206	64856	16.2445
207	3937	16.2085
208	8076	15.9275
209	1439	15.205000000000002
210	55824	15.107999999999999
211	10451	15.019499999999999
212	868	14.823500000000001
213	3488	14.763499999999999
214	50807	14.4005
215	3696	13.859
216	7422	13.238
217	2152	13.136000000000001
218	3491	12.932999999999998
219	10603	12.8085
220	8613	12.731
221	3914	12.243500000000001
222	81491	11.921
223	3676	11.5285
224	445815	11.232
225	8516	11.147499999999999
226	6777	10.7075
227	83941	10.567
228	8751	10.325
229	2268	10.314
230	27040	9.406
231	7042	9.1485
232	550	8.939
233	128853	8.914
234	7535	8.9065
235	58480	8.544
236	3915	8.149
237	8840	8.1465
238	85358	8.0285
239	4233	8.009
240	5788	7.7065
241	6452	7.7045
242	2149	7.643000000000001
243	1758	7.534000000000001
244	10818	7.2075000000000005
245	80790	7.019
246	23607	6.919
247	11250	6.8345
248	9749	6.83
249	821	6.727500000000001
250	4914	6.7005
251	9743	6.518000000000001
252	4070	6.2295
253	7462	6.2055
254	7287	6.1295
255	1436	6.1105
256	3689	6.0275
257	5795	6.004
258	27240	6.0015
259	3702	5.4030000000000005
260	7006	5.401
261	7058	5.365
262	57127	4.6265
263	4582	4.2055
264	57007	4.1455
265	1839	4.13
266	2887	4.032500000000001
267	3695	4.0200000000000005
268	3635	3.9144999999999994
269	3716	3.902
270	3655	3.7335000000000003
271	2137	3.3299999999999996
272	2324	3.1435
273	6774	2.9385000000000003
274	29998	2.311
275	5979	1.814
276	695	1.8035
277	2213	1.6039999999999999
278	55715	1.509
279	6772	1.415
280	10657	0.7115
281	83747	0.6275000000000001
282	26191	0.119
283	1511	0.09
284	5275	0.08499999999999999
285	5271	0.08499999999999999
286	3816	0.08249999999999999
287	11226	0.0785
288	7106	0.0775
289	79585	0.0775
290	1513	0.0755
291	2150	0.071
292	6407	0.0705
293	3485	0.0645
294	1299	0.05550000000000001
295	4739	0.05500000000000001
296	118429	0.053000000000000005
297	6406	0.052500000000000005
298	2263	0.049
299	5566	0.043
300	165	0.042499999999999996
301	5657	0.042499999999999996
302	114784	0.042499999999999996
303	4145	0.041499999999999995
304	1775	0.0405
305	6670	0.039
306	64111	0.0385
307	2	0.038
308	6574	0.037
309	1361	0.0365
310	92591	0.0355
311	7371	0.034999999999999996
312	2151	0.034
313	1139	0.034
314	126669	0.0335
315	1593	0.033
316	4921	0.0325
317	2515	0.0315
318	7177	0.028000000000000004
319	5567	0.026500000000000003
320	1795	0.025500000000000002
321	9229	0.025
322	7410	0.025
323	5296	0.024
324	400745	0.024
325	2059	0.0235
326	6461	0.023
327	5770	0.0225
328	23230	0.022
329	967	0.020999999999999998
330	4585	0.020999999999999998
331	1992	0.0195
332	2690	0.0195
333	3691	0.0185
334	5800	0.0185
335	139716	0.017
336	5793	0.0165
337	2533	0.0165
338	8651	0.0155
339	8174	0.015
340	4323	0.014499999999999999
341	5287	0.014000000000000002
342	3667	0.013500000000000002
343	7424	0.013000000000000001
344	81875	0.0125
345	5580	0.012
346	9402	0.011
347	100124696	0.010499999999999999
348	9472	0.01
349	7297	0.01
350	9021	0.0085
351	10750	0.0085
352	5595	0.008
353	3718	0.0075
354	8660	0.006
355	3560	0.0055
356	3572	0.005
357	660	0.0045
358	5771	0.0035000000000000005
359	5787	0.003
360	2242	0.0025
361	2209	0.002
362	857	0.002
363	7010	0.0015
364	3575	0.001
365	558	0.0005
366	10019	0.0005
