rank	node	rank_score
1	821	176.56599999999997
2	7532	166.1
3	4747	138.3995
4	7351	136.584
5	1861	118.1
6	5588	113.071
7	5582	111.89099999999999
8	5580	111.19749999999999
9	5590	111.09349999999999
10	26353	109.8625
11	4900	108.867
12	2931	108.43699999999998
13	5583	108.0655
14	5579	107.869
15	120	105.6665
16	5584	104.98949999999999
17	5581	104.5705
18	5578	104.079
19	65108	103.7615
20	4985	103.6645
21	6199	102.197
22	60312	101.0635
23	4627	100.765
24	2781	100.7535
25	5734	99.3555
26	6714	99.2985
27	10129	97.899
28	433	96.151
29	2769	95.846
30	3315	95.364
31	2902	94.0515
32	7504	92.9475
33	624	92.774
34	7431	91.4505
35	3875	90.99
36	1103	90.95450000000001
37	7074	90.476
38	5587	90.2745
39	7534	90.1885
40	1267	89.1415
41	5341	88.8425
42	150	88.4785
43	4001	87.647
44	10287	86.931
45	25780	86.832
46	917	86.5245
47	2904	85.852
48	846	85.1185
49	3749	84.175
50	6876	82.42150000000001
51	1080	81.5405
52	2890	80.8395
53	3150	80.36749999999999
54	2243	80.041
55	2893	79.3385
56	5066	79.214
57	5894	78.792
58	5243	78.435
59	26502	78.098
60	1956	76.962
61	2560	76.6335
62	960	76.5485
63	7153	74.143
64	5566	74.14200000000001
65	5782	73.056
66	1601	72.65299999999999
67	4233	72.459
68	301	72.261
69	5568	72.14
70	119	72.13250000000001
71	9338	69.4665
72	5567	68.634
73	5788	68.55499999999999
74	118	67.7265
75	9421	67.328
76	2673	66.421
77	2911	65.8585
78	2915	65.593
79	4225	65.138
80	7037	64.5715
81	2566	64.343
82	156	64.2285
83	3667	63.6905
84	7137	63.5125
85	2561	63.342499999999994
86	5770	63.05800000000001
87	9266	62.468
88	3280	61.549
89	5170	61.348
90	8682	61.346500000000006
91	2152	58.9415
92	572	58.681999999999995
93	9855	57.895
94	23677	57.7845
95	3643	56.9575
96	334	55.06
97	94274	54.619499999999995
98	4842	53.838499999999996
99	9267	53.3405
100	3105	52.4255
101	154	51.6275
102	2670	51.452999999999996
103	22927	51.0755
104	815	48.928
105	1915	46.975
106	6624	46.9685
107	7533	45.596000000000004
108	3269	45.3315
109	4869	45.2595
110	4082	43.831
111	9590	43.319
112	126393	42.5395
113	3706	42.527499999999996
114	4689	42.426
115	673	40.7725
116	3480	40.6375
117	302	40.445499999999996
118	6383	39.86
119	2099	39.5195
120	343069	39.098
121	3554	38.624
122	7529	38.4925
123	357	37.79600000000001
124	1655	37.1445
125	54866	36.81
126	1386	36.104
127	58	35.8155
128	207	34.6605
129	10000	34.2365
130	3559	33.918
131	3320	33.916
132	2130	33.638
133	6915	33.534000000000006
134	5909	33.410000000000004
135	983	30.344
136	9816	29.665
137	1387	29.564
138	3932	29.1235
139	7316	28.55
140	2885	27.47
141	688	27.432
142	56288	26.581
143	818	26.571000000000005
144	3326	25.308
145	4486	24.9805
146	6944	24.268
147	7531	24.1915
148	10399	24.042
149	3769	23.246
150	5437	23.244
151	5441	22.4435
152	7352	21.688
153	367	21.212
154	7430	21.000999999999998
155	1445	20.4255
156	817	19.8335
157	5595	19.813499999999998
158	51003	19.798
159	10971	19.786
160	27348	19.2945
161	112950	19.195500000000003
162	23211	19.194
163	1499	19.1305
164	1615	19.0985
165	284114	19.0945
166	219541	19.0945
167	892	18.8915
168	339487	18.7935
169	400569	18.7925
170	3312	18.7135
171	1936	18.698
172	55588	18.591
173	23136	18.5855
174	55031	18.477
175	23389	18.3905
176	2011	18.3795
177	7067	18.2895
178	9442	18.19
179	54797	18.0865
180	60598	17.988999999999997
181	6837	17.987000000000002
182	9969	17.889
183	488	17.831
184	9477	17.7885
185	10025	17.688
186	5747	17.627000000000002
187	10001	17.5875
188	9968	17.486
189	9440	17.3855
190	23097	17.285
191	90390	17.184
192	84246	17.0795
193	9439	16.9835
194	1024	16.8785
195	9862	16.7845
196	9282	16.6815
197	29079	16.581
198	4950	16.572
199	7054	16.5325
200	9441	16.482
201	5208	16.438
202	9443	16.383000000000003
203	10749	16.3525
204	51586	16.2825
205	80306	16.180500000000002
206	55090	16.080000000000002
207	5469	15.979
208	9412	15.878
209	9967	15.7775
210	27034	15.676499999999999
211	801	15.641
212	8295	15.5725
213	60	15.510499999999999
214	8535	15.373500000000002
215	203068	15.312000000000001
216	6257	15.274000000000001
217	5594	15.222
218	2100	15.175
219	11214	15.02
220	7421	14.972999999999999
221	2887	14.901499999999999
222	11056	14.870500000000002
223	3689	14.735499999999998
224	23476	14.6755
225	904	14.4715
226	2534	14.417000000000002
227	4070	14.383000000000001
228	10891	14.374500000000001
229	1025	14.269499999999999
230	2932	14.233500000000001
231	2316	14.222999999999999
232	5435	14.1615
233	4609	14.036000000000001
234	3172	13.966999999999999
235	2648	13.871
236	6720	13.772
237	2597	13.729
238	6830	13.562999999999999
239	84552	13.483500000000001
240	672	13.36
241	5439	13.262
242	5431	13.159
243	5430	13.068000000000001
244	816	13.032
245	5433	12.961000000000002
246	5058	12.944999999999999
247	2037	12.8535
248	5436	12.7605
249	5434	12.655
250	2967	12.556000000000001
251	25	12.4955
252	5432	12.4595
253	867	12.4365
254	5781	12.433
255	5438	12.3575
256	11033	12.2775
257	5440	12.252500000000001
258	2959	12.1585
259	6464	12.0295
260	6236	12.0185
261	2966	11.9545
262	208	11.8265
263	2960	11.750499999999999
264	3017	11.730500000000001
265	2965	11.6555
266	51305	11.5875
267	6908	11.5495
268	2068	11.4535
269	2071	11.3515
270	2962	11.251000000000001
271	2961	11.1565
272	2968	11.053
273	2963	10.95
274	26015	10.858
275	2549	10.815999999999999
276	613	10.757
277	9150	10.754000000000001
278	6598	10.6465
279	84612	10.5865
280	6599	10.538
281	10128	10.5085
282	1022	10.47
283	5829	10.4205
284	6601	10.3435
285	1654	10.3005
286	6597	10.2405
287	5132	10.2345
288	6604	10.145
289	54760	10.0485
290	10589	9.942
291	6602	9.846
292	6603	9.7385
293	409	9.6945
294	6595	9.647
295	11198	9.541
296	3717	9.5355
297	3329	9.5235
298	4637	9.517
299	3777	9.485
300	86	9.441500000000001
301	3184	9.433
302	399511	9.3475
303	6917	9.2455
304	2033	9.1685
305	6605	9.0395
306	10818	9.018
307	8289	8.8365
308	5928	8.7255
309	57492	8.6355
310	4298	8.532
311	1933	8.4165
312	7157	8.3315
313	7846	8.307500000000001
314	408	8.229000000000001
315	51412	8.229000000000001
316	5335	8.154
317	8202	8.143
318	10202	8.114500000000001
319	9794	8.065000000000001
320	3856	8.014
321	902	7.948
322	1457	7.9435
323	7044	7.830500000000001
324	6222	7.813
325	498	7.8115
326	9495	7.7485
327	9219	7.723999999999999
328	5037	7.654000000000001
329	4780	7.649500000000001
330	25942	7.625
331	404672	7.537000000000001
332	5338	7.523999999999999
333	8850	7.4334999999999996
334	3516	7.3645
335	5925	7.2375
336	9031	7.1345
337	5159	7.105500000000001
338	28954	7.063
339	55193	7.029999999999999
340	5795	7.015000000000001
341	2064	6.9345
342	1439	6.902500000000001
343	196528	6.8285
344	5901	6.803999999999999
345	4331	6.744
346	55636	6.631
347	5295	6.63
348	6223	6.6045
349	4851	6.5625
350	6774	6.5075
351	6204	6.502000000000001
352	8648	6.4425
353	6667	6.4079999999999995
354	3066	6.139
355	2185	6.113
356	2810	6.0825000000000005
357	2908	6.0065
358	7155	5.8295
359	10480	5.807
360	2771	5.7375
361	1108	5.723
362	3621	5.6325
363	3725	5.526
364	8932	5.417
365	5977	5.227
366	6850	5.206
367	3065	5.133
368	57459	5.0165
369	5921	5.004
370	23313	4.9695
371	5931	4.9235
372	7409	4.9165
373	2057	4.9094999999999995
374	9846	4.904999999999999
375	53615	4.822
376	55103	4.772
377	85509	4.712
378	6878	4.6195
379	53981	4.5205
380	6883	4.419
381	10284	4.321
382	2308	4.3005
383	8819	4.2265
384	7417	4.21
385	6880	4.134
386	51742	4.0275
387	7249	4.027
388	5777	4.0065
389	3842	3.9204999999999997
390	4297	3.9185000000000003
391	6206	3.9015
392	920	3.8255000000000003
393	8189	3.818
394	6197	3.8064999999999998
395	23028	3.7175
396	4067	3.7104999999999997
397	3178	3.7009999999999996
398	55778	3.657
399	6872	3.6215
400	6749	3.6034999999999995
401	3921	3.603
402	8344	3.5265
403	5929	3.5200000000000005
404	4638	3.5065
405	11091	3.415
406	8467	3.3145000000000002
407	6196	3.3104999999999998
408	7248	3.223
409	4311	3.218
410	7416	3.1109999999999998
411	7528	3.1085000000000003
412	8664	3.0149999999999997
413	55824	3.0035
414	5298	2.936
415	3837	2.919
416	1107	2.916
417	5787	2.903
418	8660	2.8225000000000002
419	2023	2.8195
420	1432	2.8120000000000003
421	57504	2.8114999999999997
422	9343	2.7105
423	1796	2.701
424	6194	2.6965
425	10498	2.6245000000000003
426	3815	2.6045000000000003
427	4058	2.5260000000000002
428	3187	2.5155000000000003
429	23186	2.509
430	9564	2.4175
431	9112	2.413
432	10056	2.4125
433	6776	2.407
434	4914	2.311
435	1051	2.3105
436	1399	2.209
437	3646	2.209
438	1487	2.2079999999999997
439	51763	2.1655
440	4087	2.035
441	5604	2.0140000000000002
442	7419	2.0095
443	7275	1.925
444	309	1.9215
445	25970	1.9005000000000003
446	27335	1.8079999999999998
447	8841	1.807
448	2969	1.7384999999999997
449	54815	1.7055
450	23309	1.611
451	857	1.5310000000000001
452	8662	1.5065
453	5970	1.4789999999999999
454	8663	1.4060000000000001
455	8736	1.3210000000000002
456	9203	1.3074999999999999
457	8668	1.3054999999999999
458	1027	1.207
459	4194	1.193
460	6654	1.1199999999999999
461	1974	1.0050000000000001
462	2889	0.9119999999999999
463	9611	0.8099999999999999
464	4137	0.7184999999999999
465	51317	0.706
466	1398	0.5075000000000001
467	6229	0.42350000000000004
468	5793	0.3085
469	10499	0.3015
470	6622	0.2085
471	3181	0.20249999999999999
472	6175	0.125
473	5048	0.099
474	1937	0.098
475	2617	0.0975
476	92104	0.097
477	10574	0.097
478	3376	0.096
479	196549	0.096
480	9641	0.0955
481	51126	0.095
482	2058	0.0945
483	4969	0.094
484	5917	0.094
485	3054	0.094
486	7873	0.0935
487	1360	0.0935
488	51520	0.093
489	100529262	0.093
490	9255	0.0925
491	9521	0.092
492	6897	0.092
493	4141	0.0915
494	7965	0.091
495	149986	0.0905
496	5859	0.0905
497	23332	0.0905
498	7189	0.09
499	23400	0.0895
500	10010	0.0895
501	55157	0.089
502	4791	0.0885
503	1968	0.088
504	9761	0.0875
505	51307	0.087
506	8517	0.087
507	9020	0.0865
508	26130	0.086
509	81565	0.086
510	3305	0.08549999999999999
511	28989	0.08499999999999999
512	113457	0.08449999999999999
513	695	0.08449999999999999
514	6885	0.08399999999999999
515	4794	0.08349999999999999
516	4140	0.08299999999999999
517	4163	0.08299999999999999
518	790	0.08249999999999999
519	8737	0.08199999999999999
520	10298	0.08149999999999999
521	220717	0.081
522	4793	0.0805
523	5923	0.08
524	7278	0.08
525	92609	0.0795
526	1326	0.0785
527	50855	0.078
528	3551	0.078
529	998	0.0775
530	3313	0.0775
531	253260	0.077
532	10382	0.077
533	4139	0.0765
534	805	0.0765
535	5971	0.076
536	57787	0.0755
537	4792	0.0755
538	1147	0.075
539	4215	0.0745
540	4790	0.074
541	3799	0.0735
542	51397	0.0735
543	56521	0.0735
544	9181	0.073
545	29110	0.073
546	7112	0.0725
547	1213	0.072
548	9315	0.072
549	71	0.0715
550	5966	0.071
551	2697	0.071
552	3303	0.06999999999999999
553	8454	0.06949999999999999
554	23118	0.06899999999999999
555	22936	0.06899999999999999
556	51122	0.0685
557	7132	0.068
558	65055	0.0675
559	11035	0.0675
560	55217	0.0675
561	23683	0.067
562	27125	0.067
563	10369	0.0665
564	3309	0.0665
565	3758	0.0665
566	808	0.066
567	54101	0.066
568	7186	0.0655
569	2734	0.065
570	4214	0.0645
571	8717	0.064
572	7709	0.064
573	9532	0.0635
574	57109	0.0635
575	7133	0.063
576	9859	0.063
577	1917	0.062
578	3301	0.0615
579	10454	0.061
580	3310	0.0605
581	10788	0.06
582	9919	0.0595
583	150684	0.059
584	8767	0.058499999999999996
585	8239	0.057999999999999996
586	55294	0.057499999999999996
587	347733	0.056999999999999995
588	4008	0.056499999999999995
589	257397	0.056499999999999995
590	8607	0.05600000000000001
591	5134	0.05500000000000001
592	10856	0.05450000000000001
593	7314	0.054000000000000006
594	26133	0.053500000000000006
595	6233	0.053000000000000005
596	163087	0.052500000000000005
597	7185	0.052000000000000005
598	9462	0.051000000000000004
599	11140	0.0505
600	23291	0.05
601	708	0.0495
602	6128	0.049
603	4528	0.0485
604	10849	0.0475
605	25885	0.047
606	6500	0.0465
607	51082	0.046
608	57007	0.046
609	84172	0.0455
610	4478	0.0455
611	64425	0.045
612	81491	0.0445
613	55729	0.0445
614	9697	0.0445
615	4628	0.043
616	3838	0.042499999999999996
617	293	0.041499999999999995
618	7311	0.0405
619	2289	0.04
620	64794	0.04
621	6232	0.0395
622	221035	0.039
623	6156	0.039
624	292	0.038
625	4035	0.038
626	55095	0.0375
627	6135	0.0375
628	6207	0.037
629	1072	0.037
630	6188	0.0365
631	6093	0.0365
632	6202	0.036
633	5348	0.036
634	6224	0.0355
635	9349	0.034999999999999996
636	6217	0.034499999999999996
637	4088	0.034499999999999996
638	5290	0.0335
639	1385	0.0335
640	7415	0.033
641	152185	0.0325
642	5521	0.032
643	2036	0.032
644	57530	0.0315
645	401152	0.0315
646	6205	0.0315
647	5537	0.031
648	5927	0.031
649	10260	0.0305
650	5778	0.0305
651	7442	0.03
652	6191	0.03
653	1003	0.03
654	5350	0.0295
655	6208	0.0295
656	10579	0.0295
657	2091	0.028499999999999998
658	6130	0.028000000000000004
659	5796	0.028000000000000004
660	8826	0.027500000000000004
661	6129	0.026500000000000003
662	7110	0.026500000000000003
663	10985	0.026000000000000002
664	6146	0.025500000000000002
665	153	0.0245
666	3014	0.0245
667	2764	0.0245
668	3691	0.024
669	2321	0.023
670	2017	0.023
671	9744	0.0225
672	6141	0.0225
673	84254	0.022
674	4988	0.022
675	1938	0.022
676	1459	0.022
677	4217	0.0215
678	6203	0.020999999999999998
679	4654	0.020999999999999998
680	3297	0.020999999999999998
681	6709	0.02
682	6176	0.02
683	5310	0.02
684	4691	0.0195
685	6124	0.019
686	26191	0.019
687	4904	0.0185
688	5979	0.0185
689	6189	0.018
690	6414	0.017499999999999998
691	6201	0.017499999999999998
692	581	0.0165
693	6181	0.0165
694	29028	0.016
695	25873	0.0155
696	1869	0.0155
697	653361	0.015
698	836	0.014499999999999999
699	6160	0.014000000000000002
700	602	0.014000000000000002
701	1852	0.013000000000000001
702	56907	0.0125
703	4736	0.0125
704	6195	0.0125
705	11177	0.0125
706	6132	0.012
707	9743	0.0115
708	6193	0.0115
709	6218	0.011
710	7525	0.011
711	7094	0.010499999999999999
712	6152	0.01
713	6144	0.0095
714	6772	0.0095
715	6304	0.0095
716	9045	0.009
717	2690	0.009
718	9252	0.009
719	6137	0.0085
720	23362	0.0085
721	23521	0.008
722	6210	0.0075
723	57410	0.0075
724	9188	0.007000000000000001
725	2197	0.006500000000000001
726	3716	0.006500000000000001
727	6170	0.006
728	5947	0.006
729	6198	0.005
730	497661	0.005
731	7006	0.005
732	8464	0.005
733	5371	0.005
734	6125	0.0045
735	157310	0.0045
736	10274	0.0045
737	7750	0.0045
738	6161	0.004
739	4204	0.004
740	5800	0.0035000000000000005
741	6122	0.0035000000000000005
742	6777	0.0035000000000000005
743	23199	0.0035000000000000005
744	6209	0.003
745	7535	0.003
746	7454	0.003
747	1390	0.003
748	3360	0.003
749	6155	0.0025
750	6881	0.0025
751	10451	0.002
752	6173	0.002
753	10603	0.002
754	10735	0.002
755	2353	0.002
756	6451	0.0015
757	6169	0.0015
758	5245	0.0015
759	4776	0.0015
760	4673	0.001
761	3055	0.001
762	51616	0.001
763	9612	0.001
764	6138	0.0005
765	3560	0.0005
766	994	0.0005
767	6874	0.0005
768	10362	0.0005
