rank	node	rank_score
1	7316	178.2
2	207	169.2965
3	6714	159.2945
4	10013	158.299
5	55107	156.698
6	5879	149.089
7	56990	144.6885
8	56882	135.484
9	4137	130.3985
10	6198	129.6935
11	5590	127.888
12	5578	123.475
13	151050	110.285
14	84923	109.894
15	840	108.3975
16	2932	105.14500000000001
17	836	102.387
18	397	100.6645
19	1956	100.086
20	367	99.47749999999999
21	26268	96.99600000000001
22	65267	95.8865
23	208	94.5805
24	4296	88.8875
25	7534	88.73400000000001
26	23348	84.98150000000001
27	5770	84.218
28	10000	81.08
29	841	80.0925
30	6103	79.8995
31	56924	78.883
32	5594	78.36749999999999
33	8682	74.2695
34	5580	74.2175
35	25	73.0735
36	581	72.87
37	4233	72.017
38	2099	72.01050000000001
39	6667	71.666
40	6249	71.291
41	8570	69.2895
42	5910	69.0995
43	10277	68.2765
44	27250	66.99300000000001
45	4983	66.688
46	1124	61.1835
47	2885	60.8815
48	9743	60.68050000000001
49	23401	60.176
50	9744	60.0705
51	10121	58.997
52	5335	58.4825
53	4688	57.194
54	3667	56.713
55	5295	54.679500000000004
56	3320	54.168499999999995
57	5610	53.2615
58	57630	52.5825
59	6774	52.5015
60	5595	51.570499999999996
61	387	50.784000000000006
62	7015	50.7635
63	3010	50.496500000000005
64	1432	50.167
65	1499	49.606
66	7157	49.5565
67	2534	48.378499999999995
68	5747	47.847
69	4287	47.291
70	201176	46.593
71	4925	46.082499999999996
72	839	45.7855
73	5599	45.5385
74	2064	45.1695
75	1026	44.9005
76	5894	44.560500000000005
77	2887	44.1245
78	56995	43.663
79	5925	42.771
80	6464	42.475
81	57007	42.2575
82	7409	42.189499999999995
83	200576	42.079499999999996
84	8031	41.08
85	6850	40.283
86	60312	40.057
87	5829	39.9495
88	9846	38.778999999999996
89	55968	38.695
90	5337	38.582
91	867	38.263999999999996
92	1183	37.795
93	2549	37.739999999999995
94	55026	37.695
95	11184	37.661
96	677	37.55800000000001
97	5663	37.273
98	4486	37.101
99	5587	36.473
100	5159	36.1565
101	4294	35.9905
102	613	35.576
103	56955	35.573
104	57190	35.2675
105	688	35.1545
106	85345	34.985
107	64857	34.688
108	1852	34.4655
109	10451	34.076499999999996
110	5581	33.9795
111	5788	33.62
112	2185	33.552
113	50807	33.4445
114	445815	33.376999999999995
115	3717	32.6665
116	1901	32.665499999999994
117	7314	32.632
118	57127	32.58
119	7837	32.4255
120	8506	32.383500000000005
121	6452	32.357
122	2057	32.021
123	7430	31.6065
124	1398	31.565499999999997
125	673	31.457
126	3643	31.4275
127	2137	31.3745
128	2065	31.369
129	5781	31.335500000000003
130	842	30.884500000000003
131	23230	30.8555
132	4690	30.7685
133	7529	30.509500000000003
134	5728	30.484500000000004
135	115557	30.284000000000002
136	4067	30.1775
137	85358	30.160500000000003
138	2308	29.9875
139	27	29.970999999999997
140	4070	29.8745
141	8837	29.691499999999998
142	58512	29.341999999999995
143	5921	29.2755
144	128853	29.272000000000002
145	4194	29.008500000000005
146	5336	28.8645
147	7535	28.6715
148	7249	28.4625
149	4193	28.201999999999998
150	6792	28.170499999999997
151	5782	28.119
152	9749	27.657999999999998
153	1399	27.353499999999997
154	6197	27.322000000000003
155	80831	26.867
156	5970	26.7305
157	3480	26.6325
158	2475	26.322000000000003
159	2033	26.24
160	7468	25.549
161	29886	25.253
162	3091	25.1855
163	6654	24.9635
164	3932	24.7625
165	672	24.7485
166	2321	24.731
167	5604	24.6175
168	27040	24.568
169	7431	24.4125
170	1051	24.328
171	6776	24.314
172	7287	24.247999999999998
173	1457	24.1565
174	9564	24.059
175	5591	23.950499999999998
176	5582	23.899
177	4609	23.820999999999998
178	10603	23.727
179	23787	23.668
180	54206	23.605
181	2889	23.3265
182	1386	23.2355
183	6772	22.907999999999998
184	7410	22.66
185	81491	22.519
186	4914	22.514
187	2931	22.187
188	7177	21.962
189	835	21.186
190	5170	21.075499999999998
191	5777	20.9515
192	572	20.7805
193	10278	20.732
194	2697	20.6635
195	7011	20.4495
196	1387	20.3425
197	92591	20.339
198	3815	19.837
199	2764	19.8065
200	9103	19.781
201	29760	19.753999999999998
202	3725	19.753
203	9373	19.5985
204	1111	19.456
205	3937	19.3725
206	11250	19.310499999999998
207	9411	19.2905
208	55824	19.074
209	3895	18.6905
210	9371	18.580000000000002
211	5287	18.555
212	11127	18.482499999999998
213	7275	18.4615
214	3312	18.433
215	4627	18.4025
216	79444	18.346
217	203068	18.3425
218	1103	18.148500000000002
219	4969	18.1345
220	10019	17.9455
221	4654	17.921
222	331	17.877000000000002
223	6199	17.8475
224	23731	17.768
225	4088	17.732499999999998
226	7277	17.695500000000003
227	2066	17.634
228	81627	17.509
229	64111	17.443
230	1027	17.2575
231	6196	17.137999999999998
232	2309	17.127000000000002
233	9054	16.9285
234	868	16.866
235	4515	16.772
236	26191	16.749000000000002
237	83478	16.685499999999998
238	5588	16.674
239	83747	16.669999999999998
240	330	16.582
241	2316	16.3875
242	548313	16.363
243	27429	16.2625
244	7531	16.2055
245	5584	16.191
246	930	16.1505
247	10071	16.0415
248	5979	16.0025
249	56616	15.751
250	405	15.738999999999999
251	1021	15.7215
252	55323	15.679499999999999
253	29998	15.654500000000002
254	7799	15.6495
255	7798	15.6345
256	9252	15.631499999999999
257	1022	15.606
258	329	15.552000000000001
259	54923	15.5435
260	6655	15.4595
261	653361	15.339499999999997
262	1847	15.25
263	6233	15.2165
264	6416	15.16
265	10818	15.107499999999998
266	133746	14.963999999999999
267	54739	14.86
268	25946	14.808000000000002
269	9623	14.7715
270	7185	14.575999999999999
271	1978	14.526499999999999
272	7311	14.5215
273	3150	14.4375
274	27240	14.434999999999999
275	5579	14.370499999999998
276	3875	14.2745
277	1017	14.238499999999998
278	1020	14.209999999999999
279	64499	14.144
280	23258	14.068999999999999
281	5795	14.026
282	392	13.8935
283	5081	13.89
284	9891	13.863999999999999
285	1795	13.8375
286	10392	13.474
287	843	13.383000000000001
288	3315	13.3625
289	60	13.2925
290	23483	13.239500000000001
291	23616	13.129
292	7462	13.122499999999999
293	81543	13.022
294	3324	13.021
295	23211	12.9785
296	2690	12.9185
297	332	12.661
298	4303	12.5725
299	983	12.5595
300	4058	12.550999999999998
301	3716	12.519499999999999
302	5800	12.515
303	860	12.407
304	10006	12.245000000000001
305	150684	12.215
306	1265	12.087
307	57292	12.0205
308	5058	11.9305
309	1846	11.919
310	894	11.909
311	65061	11.7205
312	79026	11.6465
313	6195	11.620000000000001
314	1025	11.507
315	660	11.502500000000001
316	392510	11.2585
317	8986	11.247
318	1796	11.241
319	80790	11.156
320	1019	11.112
321	7189	11.0555
322	8529	10.8235
323	1445	10.3335
324	3791	10.312000000000001
325	11140	10.267
326	3212	10.2235
327	54439	10.026
328	4689	9.939499999999999
329	4145	9.928
330	4255	9.9145
331	831	9.7585
332	8651	9.656
333	7454	9.65
334	5566	9.3095
335	4900	9.267
336	334	9.159
337	4089	9.134
338	857	9.1125
339	6689	9.0275
340	4087	9.013
341	8660	9.000499999999999
342	26353	8.9165
343	55715	8.904
344	595	8.901
345	3654	8.854000000000001
346	3702	8.8385
347	114784	8.811499999999999
348	3297	8.811
349	7006	8.736
350	139716	8.733
351	1050	8.625499999999999
352	150	8.3505
353	1459	8.328
354	2705	8.145
355	6942	8.127500000000001
356	56141	8.0365
357	3749	7.845999999999999
358	1436	7.824
359	3065	7.816
360	56265	7.765000000000001
361	1147	7.555
362	7700	7.4315
363	602	7.2780000000000005
364	58480	7.2405
365	5583	7.163500000000001
366	4170	7.086499999999999
367	2115	6.9045000000000005
368	152185	6.8765
369	3326	6.835500000000001
370	2002	6.817
371	4000	6.8084999999999996
372	112942	6.765000000000001
373	6461	6.765000000000001
374	3055	6.7379999999999995
375	120	6.665000000000001
376	4001	6.5409999999999995
377	156	6.2665
378	27071	6.0465
379	3265	6.026
380	5734	5.9565
381	4435	5.8335
382	4776	5.7635
383	81875	5.5525
384	596	5.5485
385	6777	5.5165
386	993	5.503
387	64714	5.4475
388	5793	5.436
389	9021	5.3134999999999994
390	960	5.1674999999999995
391	6722	4.9105
392	6646	4.846500000000001
393	10750	4.8055
394	4007	4.746
395	695	4.7305
396	65108	4.6645
397	7297	4.61
398	100124696	4.531499999999999
399	84626	4.4745
400	11217	4.4415
401	25776	4.3795
402	7037	4.269
403	10848	4.1505
404	114132	4.1065
405	63970	4.042
406	3551	3.9665
407	79365	3.9095
408	115352	3.8354999999999997
409	2353	3.7344999999999997
410	56851	3.6049999999999995
411	5787	3.4095
412	2908	3.3515
413	6256	3.2685000000000004
414	26130	3.168
415	624	3.1405000000000003
416	5296	2.93
417	64771	2.9074999999999998
418	2213	2.9045
419	283455	2.8440000000000003
420	6098	2.803
421	2152	2.752
422	9261	2.714
423	1439	2.5085
424	5371	2.346
425	558	2.223
426	4582	2.1375
427	1958	2.125
428	5601	2.124
429	4741	1.9055
430	2206	1.8295000000000001
431	3635	1.709
432	2209	1.702
433	2904	1.656
434	157310	1.5619999999999998
435	359710	1.5135
436	933	1.1484999999999999
437	7532	0.8869999999999999
438	1441	0.6155
439	5156	0.308
440	56288	0.0985
441	84612	0.098
442	50855	0.0975
443	6953	0.097
444	23197	0.097
445	84552	0.096
446	5301	0.0955
447	23236	0.095
448	3638	0.095
449	57787	0.094
450	3002	0.094
451	55666	0.0935
452	3993	0.093
453	26043	0.093
454	127733	0.0925
455	57447	0.092
456	7353	0.092
457	6622	0.092
458	7993	0.0915
459	5664	0.091
460	80124	0.091
461	2011	0.0905
462	11124	0.0905
463	7533	0.09
464	197131	0.09
465	3996	0.0895
466	51035	0.0895
467	11258	0.0895
468	23352	0.089
469	9867	0.0885
470	10780	0.0885
471	23255	0.088
472	23304	0.088
473	3280	0.0875
474	267	0.0875
475	9479	0.0875
476	117145	0.087
477	11076	0.087
478	5071	0.0865
479	9973	0.0865
480	84861	0.0865
481	7204	0.0865
482	4140	0.086
483	8453	0.086
484	84218	0.086
485	9912	0.08549999999999999
486	80700	0.08499999999999999
487	23542	0.08499999999999999
488	7352	0.08449999999999999
489	3162	0.08399999999999999
490	60598	0.08349999999999999
491	7786	0.08349999999999999
492	50619	0.08199999999999999
493	55103	0.08149999999999999
494	4771	0.08149999999999999
495	162989	0.081
496	80232	0.081
497	5364	0.0805
498	2810	0.08
499	51237	0.079
500	10971	0.079
501	221035	0.0785
502	9191	0.078
503	23677	0.078
504	258010	0.078
505	65055	0.077
506	55095	0.0765
507	10298	0.076
508	23162	0.076
509	51599	0.075
510	8740	0.075
511	398	0.075
512	11105	0.0735
513	56907	0.0735
514	5527	0.073
515	339175	0.0725
516	23094	0.0725
517	55798	0.072
518	999	0.072
519	10987	0.072
520	57448	0.072
521	4139	0.0715
522	23463	0.0715
523	51305	0.071
524	64321	0.071
525	5609	0.071
526	1616	0.0705
527	7347	0.06999999999999999
528	51111	0.06949999999999999
529	56957	0.06949999999999999
530	23313	0.0685
531	56254	0.068
532	196	0.068
533	149428	0.0675
534	1843	0.067
535	343069	0.0665
536	152137	0.0665
537	10018	0.066
538	10499	0.066
539	56311	0.064
540	286343	0.064
541	834	0.063
542	9266	0.063
543	1827	0.063
544	7345	0.0625
545	80146	0.062
546	245711	0.062
547	2909	0.062
548	1915	0.0615
549	9826	0.0615
550	5791	0.061
551	3621	0.0605
552	25898	0.0605
553	1844	0.0605
554	100506658	0.06
555	3064	0.06
556	81788	0.0595
557	9229	0.0595
558	8767	0.059
559	7486	0.059
560	64127	0.058499999999999996
561	8711	0.058499999999999996
562	400745	0.058499999999999996
563	3706	0.057999999999999996
564	22861	0.057499999999999996
565	3777	0.057499999999999996
566	171023	0.057499999999999996
567	79366	0.056499999999999995
568	55966	0.05600000000000001
569	26031	0.05550000000000001
570	6414	0.05550000000000001
571	56940	0.05550000000000001
572	51307	0.05500000000000001
573	8826	0.05500000000000001
574	317	0.05450000000000001
575	1965	0.05450000000000001
576	4332	0.05450000000000001
577	84152	0.054000000000000006
578	1313	0.053500000000000006
579	6241	0.053500000000000006
580	837	0.053000000000000005
581	151568	0.053000000000000005
582	8915	0.052500000000000005
583	6543	0.052500000000000005
584	6492	0.052500000000000005
585	94137	0.052000000000000005
586	10485	0.052000000000000005
587	7132	0.051500000000000004
588	10988	0.051500000000000004
589	4008	0.051000000000000004
590	9793	0.051000000000000004
591	60385	0.0505
592	891	0.0505
593	6248	0.05
594	1601	0.05
595	5499	0.0495
596	301	0.049
597	6502	0.049
598	27120	0.049
599	3925	0.0485
600	8772	0.048
601	433	0.048
602	8737	0.0475
603	10763	0.0475
604	3303	0.047
605	30850	0.047
606	8853	0.047
607	80727	0.047
608	60401	0.0465
609	28954	0.0465
610	5934	0.0465
611	3559	0.046
612	10017	0.0455
613	55664	0.045
614	8797	0.0445
615	8795	0.044
616	1080	0.044
617	8717	0.0435
618	23136	0.0435
619	7465	0.0435
620	896	0.0435
621	7186	0.043
622	9133	0.043
623	2533	0.042499999999999996
624	8517	0.041499999999999995
625	1385	0.041499999999999995
626	113457	0.040999999999999995
627	23164	0.040999999999999995
628	9656	0.040999999999999995
629	163126	0.040999999999999995
630	6885	0.0405
631	10010	0.04
632	246330	0.0395
633	23118	0.039
634	30011	0.0385
635	221079	0.0385
636	637	0.038
637	4739	0.038
638	7278	0.0375
639	389114	0.037
640	27102	0.037
641	4150	0.037
642	3305	0.0365
643	440689	0.0365
644	3172	0.0365
645	23581	0.036
646	3554	0.036
647	91768	0.036
648	4790	0.034999999999999996
649	6656	0.034999999999999996
650	9020	0.034499999999999996
651	7504	0.034499999999999996
652	10382	0.0335
653	4205	0.0335
654	25780	0.033
655	8792	0.0325
656	25970	0.032
657	5325	0.032
658	1326	0.0315
659	861	0.0315
660	10913	0.031
661	22992	0.031
662	4215	0.03
663	790	0.0295
664	3903	0.0295
665	9610	0.0295
666	9187	0.0295
667	4794	0.028999999999999998
668	9421	0.028999999999999998
669	3313	0.028499999999999998
670	8030	0.028499999999999998
671	3769	0.028499999999999998
672	92609	0.028000000000000004
673	8202	0.028000000000000004
674	84617	0.027500000000000004
675	29110	0.027000000000000003
676	11035	0.026500000000000003
677	26092	0.026500000000000003
678	5037	0.026000000000000002
679	5243	0.026000000000000002
680	10401	0.026000000000000002
681	7128	0.025500000000000002
682	5757	0.025500000000000002
683	598	0.025
684	10657	0.025
685	708	0.0245
686	3726	0.0245
687	2560	0.0245
688	4793	0.024
689	808	0.0235
690	5796	0.0235
691	122953	0.0235
692	29028	0.0235
693	7182	0.023
694	10399	0.023
695	2354	0.023
696	282049	0.023
697	4792	0.0225
698	26256	0.0225
699	357	0.022
700	23054	0.022
701	9402	0.0215
702	4869	0.0215
703	7133	0.020499999999999997
704	10892	0.02
705	2081	0.0195
706	23400	0.0195
707	71	0.019
708	2322	0.019
709	5971	0.0185
710	3727	0.0185
711	23624	0.0185
712	119	0.0185
713	10825	0.0185
714	3310	0.018
715	7248	0.018
716	2667	0.018
717	7153	0.017499999999999998
718	6688	0.017499999999999998
719	23344	0.017
720	89790	0.017
721	8312	0.017
722	2547	0.0165
723	9314	0.0165
724	7187	0.016
725	55904	0.016
726	805	0.0155
727	974	0.015
728	10273	0.014499999999999999
729	7525	0.014499999999999999
730	1213	0.014000000000000002
731	6548	0.014000000000000002
732	6419	0.014000000000000002
733	64762	0.014000000000000002
734	9532	0.013500000000000002
735	347733	0.013000000000000001
736	919	0.013000000000000001
737	4082	0.013000000000000001
738	1875	0.013000000000000001
739	1267	0.0125
740	23362	0.0125
741	5600	0.0125
742	10454	0.012
743	5509	0.012
744	10463	0.012
745	3309	0.0115
746	113130	0.0115
747	4842	0.0115
748	220717	0.011
749	3190	0.011
750	118	0.011
751	3560	0.010499999999999999
752	3308	0.01
753	9338	0.01
754	10023	0.0095
755	10110	0.0085
756	2305	0.008
757	4217	0.0075
758	7010	0.0075
759	257397	0.007000000000000001
760	3572	0.007000000000000001
761	29904	0.006500000000000001
762	9641	0.006
763	3718	0.006
764	6597	0.006
765	5568	0.0055
766	8648	0.0055
767	355	0.005
768	9816	0.005
769	2597	0.0045
770	4628	0.004
771	130074	0.004
772	5778	0.004
773	26355	0.0035000000000000005
774	9784	0.0035000000000000005
775	640	0.0035000000000000005
776	2893	0.0035000000000000005
777	2290	0.0035000000000000005
778	4791	0.003
779	3575	0.003
780	11221	0.003
781	54866	0.0025
782	3151	0.0025
783	146722	0.002
784	441400	0.002
785	8607	0.0015
786	1832	0.001
