rank	node	rank_score
1	84676	177.298
2	8082	175.8995
3	81493	174.4975
4	1605	173.1945
5	58	171.895
6	339175	171.797
7	6445	171.7965
8	6443	168.894
9	87	166.496
10	1499	164.4895
11	8910	164.3955
12	6714	163.2905
13	5310	161.68699999999998
14	81	159.98250000000002
15	2885	158.29850000000002
16	999	157.0855
17	58529	156.6935
18	339967	152.59300000000002
19	1795	147.589
20	2534	145.084
21	1500	141.0845
22	23336	140.892
23	25	139.682
24	1495	138.086
25	2318	137.4865
26	823	136.6
27	1956	133.083
28	1501	129.2795
29	5295	129.081
30	5770	127.976
31	5829	127.4665
32	1000	127.37750000000001
33	9564	124.38
34	5747	120.46399999999998
35	4233	117.96900000000001
36	6654	117.47449999999999
37	7402	115.293
38	867	114.9565
39	5782	114.665
40	1398	114.471
41	5335	113.27649999999998
42	80831	112.7695
43	2889	112.27799999999999
44	1821	111.9915
45	4690	111.672
46	56955	110.875
47	57190	110.67249999999999
48	58512	110.56599999999999
49	4582	109.279
50	5159	108.0755
51	1399	107.3575
52	5781	107.1645
53	9743	104.877
54	2064	103.0495
55	6464	102.9635
56	6655	102.8815
57	91977	101.8875
58	11155	101.5885
59	128853	101.57300000000001
60	768	101.0835
61	2185	101.063
62	2549	100.56700000000001
63	5777	100.26050000000001
64	1001	99.3875
65	56995	96.6785
66	5795	96.457
67	55966	96.385
68	10278	96.0715
69	3717	95.2595
70	6640	93.69
71	11184	91.474
72	613	91.3625
73	54221	90.299
74	9846	89.561
75	4739	89.462
76	83747	88.7675
77	5578	87.43199999999999
78	2065	86.256
79	4067	85.6585
80	50807	85.3385
81	7409	84.85
82	6850	84.25399999999999
83	3643	83.841
84	7082	83.7825
85	5784	83.28150000000001
86	6792	83.1735
87	5921	81.84700000000001
88	5788	80.85249999999999
89	1445	78.1445
90	3815	77.94500000000001
91	27	77.47049999999999
92	4914	76.86
93	3932	76.6455
94	85358	76.1615
95	2057	76.1535
96	51762	75.9695
97	2316	75.6905
98	7535	75.1505
99	3937	73.752
100	55824	73.548
101	23385	73.1965
102	10006	72.54400000000001
103	6641	72.491
104	29760	70.655
105	5336	70.649
106	2321	70.3545
107	125950	69.5775
108	3055	67.042
109	868	66.7485
110	445815	65.8655
111	1796	64.843
112	9229	64.6685
113	4703	63.875
114	27040	63.051
115	6452	60.1185
116	92591	59.428
117	7287	58.952999999999996
118	5800	58.043499999999995
119	10818	57.3125
120	83464	56.794000000000004
121	10451	55.617000000000004
122	7462	54.5395
123	2274	54.49249999999999
124	2690	53.93150000000001
125	10603	53.837
126	64714	53.2525
127	9228	53.059000000000005
128	64750	52.977
129	3667	52.72950000000001
130	7454	52.6375
131	5793	52.3365
132	5787	52.14
133	6776	51.734
134	3480	50.5255
135	7525	49.542500000000004
136	2066	48.946000000000005
137	137868	48.888
138	57007	48.8805
139	5156	47.629000000000005
140	7006	47.138
141	55591	46.984
142	27240	46.202999999999996
143	5796	45.5235
144	6777	45.336
145	5580	45.322
146	26191	45.138999999999996
147	3716	44.931
148	2213	43.6555
149	3791	43.441500000000005
150	9793	42.846500000000006
151	6774	42.625
152	11250	41.068
153	30011	40.215999999999994
154	857	40.213
155	3702	39.035000000000004
156	8651	38.926
157	10657	38.623000000000005
158	23230	38.447500000000005
159	3635	37.933499999999995
160	10750	37.0345
161	2887	36.6275
162	695	36.626999999999995
163	6461	35.730000000000004
164	5595	35.4265
165	84898	35.29600000000001
166	5175	35.233
167	9749	34.358
168	85477	34.094
169	1439	33.218
170	3780	32.9925
171	7410	32.909000000000006
172	2241	32.82
173	2260	32.312
174	10019	31.932499999999997
175	23607	31.569
176	1436	30.3285
177	55914	30.183500000000002
178	324	29.886000000000003
179	8502	29.582
180	2934	29.444
181	421	29.080000000000002
182	2017	28.6775
183	7010	27.216499999999996
184	9021	25.720499999999998
185	3718	25.621500000000005
186	3560	25.421
187	55715	25.314
188	5296	24.9135
189	5979	24.2085
190	7297	24.1145
191	8660	23.9195
192	29998	23.4285
193	7094	23.3585
194	9103	22.851499999999998
195	7837	22.106
196	57716	21.57
197	100124696	21.4095
198	5594	20.6175
199	5581	20.479
200	6772	20.111
201	558	20.019
202	55798	19.2755
203	9784	19.069
204	5239	18.791999999999998
205	1838	18.691
206	26502	18.394
207	29886	18.2305
208	4145	17.935
209	9712	17.791
210	5566	17.1935
211	3768	16.5855
212	6709	16.3815
213	660	16.310499999999998
214	339855	16.085
215	2317	16.078
216	50937	16.075
217	2319	15.975999999999999
218	6645	15.886000000000001
219	60312	15.7785
220	146	15.777000000000001
221	8525	15.6815
222	57292	15.442000000000002
223	25970	15.2245
224	64111	14.8315
225	1825	14.368500000000001
226	27071	14.3175
227	409	14.180000000000001
228	1441	13.7075
229	9402	12.605
230	3572	12.3155
231	930	12.1065
232	919	12.102500000000001
233	7275	11.722
234	2209	11.424000000000001
235	22941	11.058499999999999
236	2137	10.873999999999999
237	4969	10.657
238	4007	10.556000000000001
239	5287	10.245999999999999
240	5170	10.111
241	933	8.622499999999999
242	4486	8.601
243	3575	8.309999999999999
244	238	7.3069999999999995
245	8529	7.079000000000001
246	8440	6.208
247	2242	6.0035
248	5771	4.900499999999999
249	7534	4.473000000000001
250	6667	3.3200000000000003
251	1003	2.689
252	7852	2.2079999999999997
253	7316	2.0149999999999997
254	640	1.815
255	1742	1.7045000000000001
256	356	1.6055
257	10399	1.4095
258	3690	1.4035
259	54923	1.3405
260	4058	1.314
261	974	1.3015
262	89790	0.9119999999999999
263	2099	0.8095000000000001
264	5894	0.736
265	58480	0.7035
266	2904	0.665
267	2268	0.504
268	5587	0.3725
269	5338	0.3395
270	115352	0.3355
271	79778	0.0955
272	339451	0.0915
273	23787	0.089
274	51086	0.088
275	3769	0.0865
276	4070	0.08499999999999999
277	81491	0.08499999999999999
278	4868	0.081
279	1832	0.077
280	53405	0.077
281	7442	0.0765
282	126669	0.0755
283	54212	0.0755
284	11187	0.0745
285	6401	0.0745
286	1823	0.0715
287	1072	0.071
288	831	0.06999999999999999
289	4647	0.06999999999999999
290	7137	0.068
291	2705	0.067
292	80790	0.067
293	5590	0.0665
294	6237	0.0665
295	3691	0.066
296	9472	0.066
297	6876	0.0655
298	7177	0.0655
299	3875	0.0645
300	79890	0.064
301	5734	0.0635
302	5583	0.0625
303	6624	0.062
304	5588	0.0605
305	3315	0.06
306	5584	0.058499999999999996
307	119	0.057999999999999996
308	10618	0.057999999999999996
309	81875	0.056499999999999995
310	5579	0.05600000000000001
311	26353	0.05500000000000001
312	2915	0.053500000000000006
313	9266	0.052500000000000005
314	1080	0.051000000000000004
315	1267	0.05
316	5582	0.0465
317	846	0.0455
318	1601	0.0445
319	4900	0.0435
320	120	0.043
321	3903	0.042499999999999996
322	5243	0.041499999999999995
323	1103	0.0405
324	2560	0.039
325	4627	0.0385
326	2152	0.038
327	2902	0.0335
328	960	0.0325
329	5568	0.0295
330	6098	0.028499999999999998
331	65108	0.0245
332	4842	0.023
333	23624	0.0115
334	57127	0.0095
335	6199	0.009
336	5058	0.005
337	1154	0.004
338	3636	0.0035000000000000005
339	81543	0.003
340	114784	0.003
341	146722	0.0025
342	6503	0.002
343	5792	0.0015
344	53358	0.001
345	8853	0.0005
346	3688	0.0005
