rank	node	rank_score
1	841	177.6
2	839	177.2995
3	836	173.799
4	339175	156.9
5	834	154.9975
6	837	151.698
7	4925	150.995
8	840	150.7955
9	55798	150.699
10	65267	116.7935
11	6714	116.69650000000001
12	843	114.196
13	8837	109.7945
14	25	101.1905
15	320	99.0985
16	83941	95.796
17	83464	94.39099999999999
18	23581	93.29400000000001
19	3606	92.189
20	835	91.89099999999999
21	331	90.79249999999999
22	10392	90.78999999999999
23	10277	89.788
24	842	88.0885
25	598	86.97749999999999
26	2885	85.688
27	5590	74.3225
28	1795	74.19149999999999
29	10134	73.8865
30	2534	73.5985
31	355	72.492
32	64127	71.8865
33	22861	70.985
34	317	70.1825
35	4067	69.7865
36	5295	68.6895
37	7316	68.3135
38	1956	68.18050000000001
39	637	68.062
40	1832	68.0445
41	6667	66.797
42	11184	65.887
43	57190	65.559
44	9564	64.58099999999999
45	5335	64.1845
46	56955	63.784000000000006
47	6464	63.686
48	1399	63.182500000000005
49	80831	63.069
50	2889	62.885000000000005
51	6655	62.18150000000001
52	1398	62.0835
53	8772	61.9785
54	613	61.782
55	6654	61.6765
56	6850	61.5855
57	867	61.58
58	56995	61.4875
59	4690	61.278499999999994
60	9191	60.59400000000001
61	5921	60.072
62	330	59.782
63	8795	59.6755
64	128853	59.479499999999994
65	5781	59.26649999999999
66	7132	58.977999999999994
67	8767	58.685500000000005
68	9546	58.0895
69	7535	57.076
70	5829	57.061
71	445815	56.8775
72	8797	56.074
73	2185	55.773
74	10006	55.464999999999996
75	8737	55.1835
76	3815	54.9695
77	10278	54.583000000000006
78	329	54.384
79	7087	54.2885
80	868	54.277
81	60401	54.275999999999996
82	5777	53.574
83	8717	53.1795
84	8915	53.072500000000005
85	29760	52.9735
86	1796	52.970000000000006
87	5599	52.80499999999999
88	55824	52.771
89	7409	52.477999999999994
90	3937	51.6745
91	2057	51.379
92	27	51.363
93	58484	51.1835
94	596	50.385000000000005
95	831	50.2935
96	3002	50.281
97	3932	49.867
98	57099	49.5735
99	50807	49.557
100	5925	49.388999999999996
101	2065	49.3725
102	5159	49.37050000000001
103	3055	49.2685
104	27040	49.1755
105	3320	48.88
106	83747	48.7675
107	10017	48.3855
108	5336	47.9615
109	7185	47.6915
110	356	47.1275
111	7186	46.9815
112	5747	46.565999999999995
113	2064	46.46
114	5894	46.1255
115	3717	45.458
116	581	45.3045
117	8996	44.9775
118	1436	44.652499999999996
119	2549	44.0565
120	58512	43.971500000000006
121	9749	43.775
122	4478	43.560500000000005
123	3303	43.2685
124	23230	43.125
125	6452	42.962
126	23787	42.8645
127	207	42.753499999999995
128	10603	42.746500000000005
129	79890	42.6935
130	3643	42.3545
131	10451	42.2605
132	3702	41.755
133	9020	41.584500000000006
134	930	41.521
135	8853	41.512
136	1445	40.765499999999996
137	2213	40.533
138	4739	40.148
139	7430	40.1075
140	3312	39.575
141	10657	39.554
142	5788	39.456
143	3305	38.5745
144	9103	38.5495
145	8743	38.464
146	5594	38.4365
147	1139	38.193
148	7462	38.0575
149	6777	38.038
150	3551	37.665
151	2321	37.540499999999994
152	5156	37.464
153	1147	37.4565
154	11140	37.4545
155	6885	36.969
156	5591	36.657
157	1326	36.248000000000005
158	2887	36.241
159	7187	36.181
160	27240	36.14
161	30011	36.126
162	1439	36.0635
163	25981	35.8925
164	5795	35.852999999999994
165	3667	35.739
166	2137	35.626999999999995
167	11035	35.373000000000005
168	2081	35.136
169	208	35.128
170	4914	35.051
171	6461	34.868
172	10019	34.5595
173	4233	34.5555
174	27071	34.2415
175	5782	33.951499999999996
176	7006	33.9505
177	6776	33.9435
178	7314	33.861000000000004
179	3716	33.846
180	29108	33.382
181	695	33.3455
182	3635	33.142
183	162989	33.092
184	7534	33.0305
185	414899	32.8845
186	7189	32.871500000000005
187	23118	32.67
188	8517	32.0635
189	838	31.773000000000003
190	3480	31.637
191	10750	31.552
192	2690	31.543
193	8651	31.444
194	7157	31.217000000000002
195	29998	31.128499999999995
196	203068	31.076999999999998
197	27429	30.970999999999997
198	790	30.966500000000003
199	113457	30.8705
200	5595	30.7375
201	7278	30.663999999999998
202	332	30.579499999999996
203	7410	30.5425
204	10382	30.165999999999997
205	71	30.155
206	396	30.065499999999997
207	4217	29.8315
208	3309	29.7495
209	3654	29.656
210	6774	29.438499999999998
211	9402	29.353499999999997
212	3313	28.646500000000003
213	3326	28.442500000000003
214	5770	28.435000000000002
215	26133	28.357499999999998
216	933	28.222
217	9743	28.119
218	92609	27.960500000000003
219	3875	27.866500000000002
220	578	27.859500000000004
221	3560	27.830000000000002
222	3791	27.647000000000002
223	282049	27.5785
224	5610	27.314
225	4215	27.1595
226	387	26.762999999999998
227	10454	26.660000000000004
228	7454	26.55
229	4793	26.449
230	2066	26.332
231	10010	26.258
232	3718	26.2315
233	4791	26.158499999999997
234	6772	26.1355
235	7431	26.1355
236	5296	26.036
237	4170	25.966999999999995
238	4790	25.752999999999997
239	5971	25.752499999999998
240	572	25.664499999999997
241	10818	25.5325
242	4792	25.451
243	5793	25.349
244	808	25.148500000000002
245	85358	25.0055
246	4794	24.8505
247	6622	24.561
248	29110	24.3555
249	1313	24.183
250	7525	24.158499999999997
251	9021	23.8305
252	660	23.634
253	9532	23.567500000000003
254	7133	23.467000000000002
255	805	23.351499999999998
256	4214	23.2645
257	1213	23.252000000000002
258	347733	23.059
259	367	22.912
260	5800	22.7445
261	5970	22.55
262	3575	22.504
263	801	22.2475
264	2099	22.104000000000003
265	100124696	21.945
266	54923	21.829
267	8660	21.428
268	857	21.333499999999997
269	3301	20.968
270	7416	20.5075
271	7297	19.926499999999997
272	23385	19.893
273	10758	19.8695
274	5979	19.829
275	51107	19.5845
276	7529	19.5285
277	55851	19.479
278	55715	19.1125
279	322	18.875999999999998
280	25970	18.8345
281	3310	18.7535
282	5966	18.744999999999997
283	1499	18.616
284	55957	18.4745
285	84898	18.3785
286	558	18.2295
287	92591	18.191
288	139716	18.0075
289	6233	17.854
290	5787	17.8395
291	51237	17.5895
292	7311	17.544
293	708	17.538999999999998
294	1639	17.4875
295	26191	17.1475
296	408	17.0415
297	673	17.014499999999998
298	3572	16.720499999999998
299	6792	16.683500000000002
300	1501	16.488
301	640	16.0215
302	958	15.8655
303	10000	15.848500000000001
304	79370	15.5615
305	5580	15.531
306	1775	15.4845
307	4663	15.446000000000002
308	114548	15.0815
309	7287	15.0625
310	57007	14.8845
311	220717	14.841
312	22900	14.761000000000001
313	126669	14.486
314	5578	14.148500000000002
315	7010	14.0185
316	27113	13.958000000000002
317	9641	13.9455
318	8739	13.863999999999999
319	409	13.834
320	84674	13.758500000000002
321	150684	13.543000000000001
322	1441	13.5245
323	599	13.4525
324	10018	13.267500000000002
325	9793	12.974
326	8440	12.9235
327	5287	12.8095
328	238	12.218
329	597	12.151
330	2260	12.019499999999999
331	919	11.924
332	11250	11.8795
333	4628	11.8335
334	2209	11.806999999999999
335	64714	11.78
336	4055	11.7765
337	56616	11.6635
338	23429	11.534
339	5604	11.321
340	10892	11.233
341	7275	11.0075
342	7415	10.928
343	3308	10.731
344	2268	10.72
345	8792	10.671
346	5796	10.5175
347	4646	10.442
348	5366	10.1515
349	3636	10.1005
350	4627	9.9285
351	8239	9.8375
352	1654	9.732
353	146722	9.605500000000001
354	246330	9.5625
355	5175	9.215
356	7188	9.1805
357	4582	8.964500000000001
358	974	8.9105
359	4058	8.7165
360	7532	8.6235
361	79444	8.562999999999999
362	53358	8.417
363	573	8.403
364	2242	8.309999999999999
365	8607	8.238499999999998
366	64343	7.717499999999999
367	7852	7.700999999999999
368	9919	7.246
369	84617	7.040000000000001
370	29886	6.973000000000001
371	1111	6.3065
372	2734	6.0435
373	10044	5.914
374	10856	5.8365
375	6207	5.8145
376	23624	5.802
377	1917	5.713
378	7531	5.614
379	3324	5.527
380	6709	5.2385
381	5771	5.2155000000000005
382	60	4.8255
383	2597	4.823
384	6503	4.6114999999999995
385	6421	4.529999999999999
386	2289	4.525
387	170622	3.9244999999999997
388	6004	3.9085
389	5338	3.7144999999999997
390	58480	3.7049999999999996
391	2316	3.6189999999999998
392	9131	3.5469999999999997
393	257397	3.4204999999999997
394	5058	3.2045000000000003
395	2533	3.2024999999999997
396	10128	3.1195
397	10273	2.924
398	10399	2.713
399	10627	2.7095
400	115352	2.705
401	498	2.6239999999999997
402	5170	2.623
403	1000	2.5125
404	4915	2.5060000000000002
405	440915	2.502
406	4486	2.4065000000000003
407	50852	2.3615000000000004
408	6156	2.3405
409	4637	2.3274999999999997
410	4869	2.3155
411	3566	2.3115
412	302	2.1055
413	7128	1.9129999999999998
414	4193	1.611
415	3187	1.6019999999999999
416	2322	1.6004999999999998
417	2904	1.509
418	5581	1.5015
419	28991	1.4345
420	10056	1.4085
421	5062	1.407
422	3837	1.3050000000000002
423	7417	1.2005000000000001
424	4194	1.1099999999999999
425	2023	1.107
426	81875	0.8664999999999999
427	8664	0.8035
428	5134	0.6325000000000001
429	9046	0.41100000000000003
430	3561	0.3035
431	916	0.303
432	301	0.301
433	54939	0.2395
434	8668	0.2015
435	3329	0.11750000000000001
436	10972	0.0965
437	81491	0.096
438	30818	0.096
439	23621	0.0955
440	2317	0.0955
441	10959	0.0945
442	10194	0.0925
443	8842	0.092
444	682	0.091
445	8529	0.0895
446	1418	0.086
447	55504	0.079
448	9054	0.078
449	8808	0.077
450	64112	0.0765
451	389114	0.0755
452	7837	0.0755
453	2802	0.075
454	51074	0.0745
455	983	0.074
456	114784	0.0725
457	51330	0.072
458	54739	0.06949999999999999
459	9994	0.068
460	939	0.063
461	4671	0.0625
462	9891	0.0625
463	5566	0.061
464	81788	0.0595
465	8740	0.057999999999999996
466	9229	0.05550000000000001
467	63970	0.05550000000000001
468	83596	0.05500000000000001
469	1027	0.05450000000000001
470	1847	0.053000000000000005
471	113802	0.052000000000000005
472	7009	0.052000000000000005
473	4007	0.048
474	23601	0.048
475	1017	0.0475
476	4145	0.046
477	7015	0.0455
478	441478	0.0445
479	1612	0.0445
480	8682	0.0435
481	638	0.040999999999999995
482	90427	0.039
483	283455	0.0385
484	6232	0.038
485	120329	0.037
486	9868	0.0365
487	7874	0.034999999999999996
488	83481	0.0305
489	57506	0.0295
490	8878	0.028999999999999998
491	2309	0.028999999999999998
492	3959	0.027000000000000003
493	6500	0.026500000000000003
494	8718	0.026500000000000003
495	9462	0.026000000000000002
496	85366	0.025
497	9744	0.025
498	89790	0.024
499	5537	0.0235
500	2206	0.023
501	8454	0.0225
502	23291	0.022
503	10788	0.0215
504	5437	0.020999999999999998
505	10849	0.020499999999999997
506	4528	0.02
507	7052	0.02
508	51082	0.019
509	64425	0.0185
510	84172	0.018
511	3838	0.017
512	254170	0.0165
513	5441	0.016
514	23243	0.015
515	25885	0.013500000000000002
516	3304	0.013500000000000002
517	1933	0.0125
518	5521	0.012
519	6191	0.0115
520	6130	0.011
521	3839	0.011
522	6128	0.010499999999999999
523	3376	0.010499999999999999
524	6223	0.01
525	10971	0.0095
526	2886	0.0095
527	4642	0.009
528	8503	0.009
529	3454	0.008
530	4904	0.008
531	5879	0.008
532	57292	0.008
533	4691	0.0075
534	1493	0.007000000000000001
535	6206	0.006500000000000001
536	4163	0.006
537	25946	0.006
538	387082	0.005
539	6141	0.0045
540	6146	0.0045
541	6204	0.004
542	25759	0.004
543	5071	0.004
544	6416	0.0035000000000000005
545	3184	0.0035000000000000005
546	10202	0.003
547	1601	0.003
548	309	0.0025
549	142	0.0025
550	9187	0.0025
551	6504	0.0025
552	7419	0.0025
553	5587	0.002
554	10480	0.002
555	1457	0.002
556	2017	0.001
557	79930	0.001
558	3842	0.0005
