rank	node	rank_score
1	50615	179.6
2	963	178.499
3	6777	162.6975
4	3716	158.09650000000002
5	3560	157.097
6	6776	155.5925
7	6772	153.5935
8	6774	152.7905
9	55250	152.69549999999998
10	5463	152.29850000000002
11	3718	150.39600000000002
12	3717	149.395
13	3575	143.887
14	7852	142.79149999999998
15	5159	141.39000000000001
16	6464	138.8855
17	10863	138.3995
18	2690	136.6835
19	5781	136.5885
20	5156	135.48600000000002
21	5777	134.6865
22	3561	133.4945
23	3932	132.0845
24	1234	129.892
25	5295	129.78
26	55620	129.38899999999998
27	2185	126.376
28	1439	125.98150000000001
29	4067	125.5755
30	5747	124.97049999999999
31	9021	124.58099999999999
32	3815	123.9795
33	7297	122.46599999999998
34	6714	122.08250000000001
35	2057	121.779
36	6850	119.47350000000002
37	6348	118.798
38	3643	118.56500000000001
39	2534	117.672
40	867	117.575
41	5788	117.56949999999999
42	3559	117.3905
43	919	116.2895
44	1956	114.07249999999999
45	6461	113.583
46	8651	113.27849999999998
47	10603	112.374
48	2064	111.7655
49	1399	111.6645
50	8660	111.6635
51	3572	110.76700000000001
52	3344	110.397
53	5335	110.07300000000001
54	7409	109.171
55	9846	108.569
56	1398	107.3585
57	2885	104.68050000000001
58	5921	104.5625
59	7535	102.86800000000001
60	3667	101.662
61	55824	101.5685
62	1441	100.84200000000001
63	613	100.752
64	2065	99.263
65	3480	99.05550000000001
66	388372	98.3955
67	6351	97.495
68	3937	94.9715
69	5770	93.848
70	5795	93.3545
71	5336	92.561
72	6349	91.99
73	1796	90.56
74	1445	88.15650000000001
75	4914	88.1485
76	3055	87.354
77	5829	86.6515
78	25	86.65
79	6654	86.0595
80	3566	85.785
81	2549	84.6535
82	27040	83.85799999999999
83	2889	83.345
84	5296	82.556
85	1436	79.9765
86	2321	79.936
87	27	79.7505
88	10451	78.7525
89	11184	78.45750000000001
90	7006	77.659
91	1232	77.49449999999999
92	6352	76.59
93	3635	76.264
94	558	75.982
95	1237	74.2945
96	9564	74.24549999999999
97	643	73.889
98	25970	73.838
99	26191	72.9405
100	10657	72.24600000000001
101	4690	71.94
102	6360	71.793
103	6452	70.74449999999999
104	1231	69.7865
105	4233	69.44300000000001
106	10006	68.547
107	5782	68.241
108	7525	67.5475
109	2887	67.349
110	868	65.9665
111	7454	65.939
112	85012	65.793
113	3702	65.651
114	3791	65.144
115	29760	64.455
116	10750	63.4385
117	3574	63.376999999999995
118	388585	62.888
119	695	60.942499999999995
120	10278	59.4245
121	100124696	58.970000000000006
122	5580	58.637
123	2213	57.2375
124	3459	56.7875
125	5578	56.5415
126	6655	56.533500000000004
127	1154	55.80550000000001
128	56955	55.6465
129	6358	55.3875
130	2066	55.2495
131	5800	55.1345
132	6347	54.9905
133	1238	54.089
134	6355	53.689499999999995
135	10818	52.6395
136	6354	52.2885
137	729230	51.69
138	6357	51.682500000000005
139	7462	51.553
140	116966	51.4905
141	51554	50.6835
142	6356	50.5855
143	660	50.2315
144	2532	50.188
145	3454	50.021
146	5595	49.635000000000005
147	55715	48.427499999999995
148	6361	48.090999999999994
149	5793	47.7365
150	58512	47.6355
151	50807	46.7255
152	5787	45.733
153	115352	45.2675
154	2268	44.4205
155	50852	43.9745
156	7410	43.4435
157	80831	43.010000000000005
158	6773	41.685
159	857	41.532
160	5594	40.8285
161	7010	40.827999999999996
162	5979	40.525999999999996
163	27240	39.4615
164	9402	39.0265
165	57292	38.984
166	930	38.929500000000004
167	2242	38.524
168	6359	37.595
169	6346	37.4935
170	414062	36.6865
171	10399	36.32899999999999
172	2833	34.382
173	128853	34.33
174	2260	34.125
175	5175	34.027
176	4314	33.87050000000001
177	359710	33.378
178	1462	32.984500000000004
179	7275	32.778
180	4582	32.734
181	4312	31.9685
182	445815	31.930500000000002
183	57190	31.53
184	8440	30.415999999999997
185	933	30.1325
186	3600	30.094
187	9743	29.718
188	283820	29.690999999999995
189	5796	29.5195
190	974	29.416499999999996
191	3563	28.601
192	5590	27.9005
193	6778	26.784000000000002
194	30011	26.122000000000003
195	2209	24.231
196	56995	23.0185
197	1499	22.9215
198	83747	22.1225
199	9749	21.323500000000003
200	4486	20.713
201	6503	20.223
202	3601	18.993000000000002
203	10344	18.7945
204	5894	18.617
205	6667	17.2215
206	6369	17.18
207	6368	17.073500000000003
208	4739	17.005000000000003
209	3627	16.3815
210	940	16.319
211	10563	16.275
212	6375	16.184
213	27071	16.119999999999997
214	6363	16.076
215	6366	15.9755
216	146722	15.813999999999998
217	51374	15.77
218	1236	15.674000000000001
219	1803	15.581
220	139716	15.5605
221	2826	15.477
222	6370	15.379499999999998
223	6387	15.278
224	945	15.1775
225	5196	15.172999999999998
226	3576	15.072
227	6373	14.979
228	5170	14.8075
229	54878	14.7785
230	10850	14.276499999999999
231	6367	13.9725
232	640	13.613999999999999
233	5581	13.611
234	3190	13.4155
235	238	13.415000000000001
236	56477	13.086000000000002
237	4283	12.9715
238	3636	12.4175
239	6504	11.7025
240	4352	11.643
241	23607	11.6035
242	56147	11.3415
243	2137	11.257
244	5587	11.008
245	2904	10.8185
246	8853	10.711500000000001
247	5588	10.709
248	916	10.6145
249	6775	10.5845
250	356	10.4175
251	168544	10.376000000000001
252	5579	10.203
253	1000	9.907
254	64109	9.790000000000001
255	2099	9.112
256	1432	8.306000000000001
257	58480	8.3045
258	9103	8.3025
259	5058	8.2105
260	23230	8.017
261	57007	7.118
262	53358	6.3134999999999994
263	7316	5.013
264	5599	4.406499999999999
265	7534	4.215
266	23624	3.904
267	5287	3.382
268	4058	3.3229999999999995
269	5338	3.102
270	6004	2.9125
271	1601	2.9065000000000003
272	207	2.802
273	2048	2.2015000000000002
274	2886	1.904
275	1795	1.7055
276	7287	1.2565
277	4915	1.1085
278	5879	1.1015000000000001
279	920	1.0655
280	2322	0.9125
281	3689	0.51
282	85358	0.40549999999999997
283	54923	0.40499999999999997
284	54901	0.08149999999999999
285	2689	0.08149999999999999
286	221914	0.0805
287	10803	0.0775
288	3455	0.076
289	7294	0.0745
290	3447	0.0735
291	3490	0.071
292	1404	0.06949999999999999
293	157	0.06899999999999999
294	176	0.068
295	89790	0.0675
296	4317	0.067
297	63827	0.066
298	4313	0.0655
299	9313	0.065
300	7412	0.0645
301	7076	0.064
302	4319	0.0635
303	4327	0.0615
304	221061	0.061
305	9900	0.0605
306	3953	0.057499999999999996
307	8835	0.0395
308	3265	0.014499999999999999
309	64714	0.014499999999999999
310	7529	0.013500000000000002
311	8471	0.013000000000000001
312	30837	0.012
313	5584	0.0115
314	8751	0.0115
315	2533	0.0095
316	960	0.008
317	1785	0.007000000000000001
318	5583	0.006500000000000001
319	5566	0.006
320	8503	0.0055
321	7430	0.005
322	921	0.004
323	10044	0.0035000000000000005
324	3690	0.0035000000000000005
325	2902	0.003
326	29886	0.003
327	7837	0.0025
328	3875	0.001
329	6199	0.0005
