rank	node	rank_score
1	23381	178.598
2	118429	176.697
3	5987	159.599
4	54496	157.8985
5	4087	141.89600000000002
6	3065	138.0875
7	7178	136.59650000000002
8	27123	129.8
9	84856	127.5975
10	6601	127.49449999999999
11	6599	126.68699999999998
12	6598	119.98299999999999
13	3066	115.3665
14	57459	114.29549999999999
15	6610	113.89949999999999
16	6603	113.293
17	8289	112.7885
18	57492	112.3905
19	5977	111.792
20	86	111.18800000000002
21	163126	111.04249999999999
22	1387	110.952
23	6595	109.47649999999999
24	25942	106.18350000000001
25	6602	104.38199999999999
26	8932	104.1895
27	7044	104.07950000000001
28	4298	103.69000000000001
29	158931	103.17049999999999
30	6605	103.0805
31	5928	102.6815
32	1108	100.69500000000001
33	9219	96.78450000000001
34	51742	95.9465
35	53615	94.986
36	55636	94.6925
37	196528	94.6785
38	2099	94.2485
39	51412	94.089
40	8819	93.88250000000001
41	6604	92.7865
42	55193	92.58500000000001
43	5931	91.684
44	10284	89.17999999999999
45	54815	89.151
46	2033	88.154
47	3621	87.9635
48	60	87.38550000000001
49	23186	86.673
50	672	86.55850000000001
51	5371	86.037
52	6667	85.01849999999999
53	6908	84.86749999999999
54	85509	83.65650000000001
55	4609	82.563
56	1024	82.55499999999999
57	64800	82.47200000000001
58	4088	81.333
59	3090	81.239
60	7155	80.8745
61	8189	79.37899999999999
62	8850	78.2385
63	54760	78.0395
64	9412	76.7375
65	2962	76.668
66	51626	76.4865
67	1107	76.3735
68	84340	75.591
69	57410	75.43199999999999
70	10661	74.52799999999999
71	6878	74.2625
72	9611	73.92949999999999
73	23325	73.8685
74	53981	73.26849999999999
75	57504	73.076
76	11177	72.4455
77	6304	72.44300000000001
78	23028	72.269
79	6880	71.481
80	4297	71.461
81	2960	71.457
82	9031	71.06949999999999
83	84168	71.066
84	9112	70.5475
85	2959	70.1615
86	51592	69.59400000000001
87	9203	69.05799999999999
88	8467	67.777
89	7157	67.336
90	8841	66.7405
91	5901	65.367
92	23199	65.3505
93	6883	65.162
94	367	64.3355
95	10498	63.7255
96	81627	62.4245
97	283078	61.371500000000005
98	10589	60.4935
99	23309	59.9605
100	5947	59.371
101	6872	58.7645
102	5430	58.6595
103	5929	58.652499999999996
104	10735	58.5535
105	2965	58.5515
106	26286	57.996
107	892	57.834500000000006
108	3360	57.739999999999995
109	4084	56.870000000000005
110	4089	55.410000000000004
111	10274	54.54449999999999
112	5325	54.53150000000001
113	79650	54.101
114	11091	53.760000000000005
115	57649	52.7725
116	3725	52.6225
117	23682	52.1075
118	7750	52.05
119	51317	51.054500000000004
120	51341	50.825
121	8202	50.635000000000005
122	221079	50.30800000000001
123	9697	49.047000000000004
124	7421	48.8435
125	126272	48.3165
126	8815	48.0775
127	3183	47.956
128	5885	47.345
129	6613	47.246
130	4204	46.9425
131	399511	45.5555
132	2969	45.242000000000004
133	5970	44.0205
134	5926	43.559000000000005
135	9343	42.452999999999996
136	5925	42.226
137	84312	41.712
138	2071	41.634
139	10362	41.036500000000004
140	25855	40.92
141	9739	40.1105
142	2221	39.848
143	64426	39.8115
144	63893	38.597500000000004
145	286343	38.3065
146	653220	38.29600000000001
147	79648	38.076499999999996
148	23551	37.496500000000005
149	2967	37.2145
150	54457	36.6575
151	9612	36.408500000000004
152	10419	36.374
153	7482	36.045
154	6917	35.6265
155	3622	35.527
156	573	35.4095
157	1487	34.8495
158	9901	34.6915
159	3070	34.244
160	8243	34.231
161	925	34.178
162	2908	32.905
163	1443	32.8275
164	7764	32.53
165	10579	32.4125
166	9126	30.924
167	7195	29.320999999999998
168	55809	28.741500000000002
169	10934	28.661
170	5978	28.275
171	23063	27.821500000000004
172	8820	27.816999999999997
173	861	27.5625
174	23047	27.320999999999998
175	11198	27.111
176	1022	26.813499999999998
177	126299	26.6755
178	112885	26.149
179	6497	25.688499999999998
180	3312	25.613999999999997
181	64919	24.241
182	3320	23.807499999999997
183	23244	23.023500000000002
184	83860	22.663999999999998
185	63976	22.59
186	2122	21.8325
187	10847	20.8545
188	10734	20.7175
189	55806	20.4495
190	10036	19.622
191	6935	19.509
192	3020	19.4435
193	348110	19.396
194	10401	19.365000000000002
195	9794	19.003999999999998
196	29028	18.930500000000002
197	4435	18.922
198	221184	18.7975
199	7046	18.767
200	8930	18.6935
201	80243	18.6655
202	28996	18.653
203	8473	18.5195
204	9070	18.420499999999997
205	4654	18.3935
206	8106	18.293
207	3091	18.2255
208	2963	18.205000000000002
209	653219	18.195500000000003
210	4086	18.172
211	602	18.103
212	83871	17.857499999999998
213	117583	17.732499999999998
214	65259	17.569499999999998
215	10113	17.4405
216	3516	17.3005
217	3326	17.1045
218	145258	16.9935
219	3475	16.9655
220	5431	16.8335
221	3054	16.724
222	23054	16.700499999999998
223	6988	16.6735
224	2737	16.483
225	145483	16.469
226	440275	16.4665
227	58160	16.438
228	2100	16.188
229	10499	16.0105
230	57109	15.848500000000001
231	51285	15.469999999999999
232	3172	15.313999999999998
233	6875	15.129500000000002
234	6996	15.003
235	64718	14.869
236	7316	14.7015
237	7704	14.5375
238	7050	14.416999999999998
239	404672	14.410499999999999
240	5440	14.334
241	2961	14.0215
242	5914	13.950999999999999
243	5438	13.9155
244	5469	13.8095
245	7738	13.568000000000001
246	79595	13.502500000000001
247	5439	13.306000000000001
248	8295	13.126499999999998
249	3308	12.516
250	2648	12.5125
251	2966	12.4295
252	2874	12.409
253	2885	12.353
254	8290	12.013
255	23347	11.715
256	94241	11.708
257	5927	11.419
258	1017	11.3195
259	9314	11.3155
260	8648	11.3125
261	2068	11.019
262	2958	10.4035
263	26060	10.1465
264	9658	9.922999999999998
265	6594	9.865
266	4331	9.818000000000001
267	8031	9.5115
268	7080	9.4035
269	55758	9.029
270	24137	9.018
271	1499	8.9645
272	2968	8.403
273	688	8.115
274	6882	8.1015
275	196	7.8069999999999995
276	6239	7.739
277	902	7.614
278	6760	7.5045
279	51176	7.359999999999999
280	30827	7.313
281	6881	7.2090000000000005
282	7068	7.2010000000000005
283	7547	7.1785
284	23067	6.808
285	84162	6.641500000000001
286	2623	6.2945
287	57007	6.237
288	595	5.8055
289	64324	5.7075000000000005
290	63925	5.402
291	23133	5.3025
292	7528	5.015
293	5435	5.0104999999999995
294	29915	4.9159999999999995
295	9541	4.776
296	6874	4.323
297	6884	4.3100000000000005
298	23408	4.018
299	84458	3.8055
300	604	3.6159999999999997
301	51588	3.562
302	1875	3.507
303	3303	3.311
304	6877	3.311
305	51616	3.214
306	10474	3.0115000000000003
307	65061	3.006
308	4193	2.9455
309	7837	2.9210000000000003
310	9839	2.7305
311	1457	2.102
312	133746	2.0305
313	2353	1.704
314	2186	1.6030000000000002
315	1728	1.503
316	5933	1.3005
317	10629	1.212
318	6873	1.2065
319	129685	1.105
320	2957	0.8130000000000001
321	3309	0.8105
322	4851	0.0975
323	5552	0.0965
324	55534	0.0965
325	79173	0.096
326	23541	0.096
327	4854	0.0955
328	653067	0.095
329	4739	0.0945
330	3955	0.0945
331	10393	0.094
332	5949	0.094
333	3714	0.0935
334	182	0.093
335	8881	0.0925
336	6929	0.0925
337	23509	0.0925
338	4802	0.092
339	1745	0.092
340	168620	0.092
341	81629	0.092
342	84441	0.092
343	29882	0.0915
344	658	0.0915
345	1444	0.0915
346	8697	0.091
347	5058	0.091
348	56676	0.091
349	4853	0.091
350	55146	0.0905
351	653048	0.0905
352	28514	0.0905
353	7291	0.09
354	4242	0.09
355	142891	0.0895
356	10683	0.0895
357	1523	0.089
358	54014	0.089
359	54567	0.0885
360	121268	0.088
361	5664	0.088
362	6498	0.0875
363	8788	0.0875
364	55798	0.087
365	64743	0.0865
366	246184	0.086
367	2735	0.086
368	5670	0.086
369	29945	0.08549999999999999
370	29984	0.08549999999999999
371	6830	0.08549999999999999
372	55223	0.08499999999999999
373	57708	0.08499999999999999
374	7554	0.08499999999999999
375	51763	0.08499999999999999
376	64682	0.08449999999999999
377	3495	0.08449999999999999
378	996	0.08399999999999999
379	57381	0.08399999999999999
380	4855	0.08399999999999999
381	999	0.08349999999999999
382	339175	0.08349999999999999
383	51529	0.08249999999999999
384	140901	0.08249999999999999
385	51433	0.08199999999999999
386	5663	0.08199999999999999
387	10297	0.08149999999999999
388	668	0.08149999999999999
389	51343	0.081
390	4091	0.081
391	57154	0.0805
392	2115	0.0805
393	51434	0.08
394	4092	0.08
395	3205	0.08
396	54440	0.0795
397	904	0.0795
398	64750	0.079
399	91	0.0785
400	10459	0.078
401	1025	0.078
402	27314	0.0775
403	8878	0.0765
404	3213	0.0765
405	55827	0.076
406	79718	0.0755
407	7048	0.0755
408	7311	0.075
409	5347	0.0745
410	9392	0.0745
411	54108	0.074
412	90	0.0735
413	26271	0.073
414	7042	0.073
415	548313	0.073
416	23493	0.073
417	122953	0.073
418	10773	0.0725
419	130497	0.0725
420	84085	0.072
421	375449	0.0715
422	10617	0.071
423	4090	0.0705
424	28512	0.06999999999999999
425	8805	0.06999999999999999
426	6233	0.06949999999999999
427	55761	0.06899999999999999
428	6839	0.06899999999999999
429	9459	0.0685
430	83855	0.0685
431	79674	0.068
432	7026	0.068
433	26747	0.068
434	991	0.0675
435	51564	0.0675
436	81693	0.067
437	25802	0.067
438	29068	0.0665
439	3300	0.066
440	55892	0.0655
441	134285	0.065
442	5872	0.065
443	338412	0.065
444	338567	0.0645
445	8814	0.064
446	8313	0.0635
447	9985	0.0635
448	57111	0.0635
449	8431	0.0635
450	728294	0.063
451	57626	0.0625
452	84864	0.062
453	10273	0.062
454	58473	0.0615
455	55769	0.061
456	51232	0.0605
457	7314	0.06
458	257054	0.0595
459	6256	0.0595
460	392255	0.059
461	8521	0.059
462	860	0.058499999999999996
463	657	0.057999999999999996
464	25946	0.057499999999999996
465	151568	0.057499999999999996
466	5432	0.057499999999999996
467	51560	0.056999999999999995
468	81788	0.05600000000000001
469	55870	0.05550000000000001
470	8092	0.05550000000000001
471	83595	0.05500000000000001
472	4255	0.05500000000000001
473	3212	0.05500000000000001
474	7844	0.05450000000000001
475	89782	0.05450000000000001
476	207	0.054000000000000006
477	1045	0.053500000000000006
478	50511	0.053000000000000005
479	283629	0.053000000000000005
480	655	0.052500000000000005
481	7534	0.052000000000000005
482	7067	0.052000000000000005
483	1956	0.051500000000000004
484	7110	0.051500000000000004
485	10463	0.051500000000000004
486	23741	0.051000000000000004
487	245711	0.0505
488	2295	0.05
489	152137	0.0495
490	8312	0.049
491	4194	0.0485
492	8204	0.0485
493	1616	0.048
494	25853	0.047
495	23592	0.0465
496	55966	0.0455
497	10987	0.045
498	51586	0.044
499	7345	0.0435
500	9325	0.0435
501	864	0.043
502	2103	0.043
503	55914	0.042499999999999996
504	56254	0.041999999999999996
505	30011	0.041499999999999995
506	27086	0.040999999999999995
507	7347	0.040999999999999995
508	6773	0.040999999999999995
509	5468	0.0405
510	10892	0.04
511	7464	0.0395
512	4303	0.039
513	730394	0.039
514	55629	0.0385
515	4216	0.0375
516	7341	0.037
517	23787	0.037
518	1211	0.036
519	2290	0.0355
520	6714	0.034999999999999996
521	80335	0.034999999999999996
522	10002	0.034
523	285464	0.0335
524	2073	0.0335
525	51102	0.0325
526	2309	0.032
527	863	0.0315
528	26015	0.0315
529	219771	0.0305
530	57471	0.03
531	8928	0.028999999999999998
532	63935	0.028499999999999998
533	2308	0.028499999999999998
534	23258	0.028499999999999998
535	375686	0.028000000000000004
536	7025	0.027500000000000004
537	8019	0.026500000000000003
538	10848	0.025500000000000002
539	3224	0.0245
540	7468	0.024
541	29893	0.024
542	10320	0.023
543	2022	0.0225
544	5433	0.022
545	343521	0.0215
546	5436	0.0195
547	5467	0.0185
548	4776	0.0165
549	5434	0.0165
550	51096	0.015
551	5971	0.014499999999999999
552	9150	0.014000000000000002
553	1582	0.013500000000000002
554	25925	0.013000000000000001
555	6942	0.012
556	405	0.012
557	90326	0.0115
558	5916	0.0115
559	9441	0.0115
560	323	0.011
561	10011	0.010499999999999999
562	7799	0.0095
563	4221	0.0095
564	5599	0.009
565	96764	0.009
566	675	0.0085
567	7270	0.0085
568	8464	0.008
569	84246	0.008
570	5595	0.0075
571	1051	0.007000000000000001
572	9324	0.007000000000000001
573	6886	0.006
574	29894	0.0055
575	10691	0.005
576	10363	0.005
577	5437	0.005
578	5594	0.0045
579	10891	0.004
580	6736	0.0025
581	5465	0.002
582	79753	0.0015
583	1869	0.0015
584	4926	0.001
585	64094	0.0005
