rank	node	rank_score
1	55670	179.59949999999998
2	5828	179.1
3	5825	177.9985
4	225	176.29749999999999
5	65981	175.198
6	215	175.19650000000001
7	2877	173.897
8	2879	171.29500000000002
9	30	170.9955
10	80724	169.4925
11	2878	167.09300000000002
12	35	166.7905
13	28976	165.39000000000001
14	84129	163.9895
15	2876	162.791
16	36	162.288
17	6649	160.5935
18	3295	160.587
19	8309	160.2945
20	10935	159.9885
21	34	159.6865
22	10478	158.399
23	27034	157.88600000000002
24	6647	157.692
25	2936	156.98
26	257202	156.2875
27	1962	155.7855
28	6648	153.689
29	7001	153.48499999999999
30	5052	151.9835
31	549	151.5845
32	55268	149.38400000000001
33	1891	149.2825
34	1892	147.582
35	2639	146.183
36	3030	145.9815
37	84264	145.879
38	116285	145.3805
39	3032	144.881
40	3029	141.2775
41	3033	141.17950000000002
42	3158	139.778
43	3157	136.9765
44	38	136.976
45	3028	136.277
46	2181	135.17849999999999
47	39	134.674
48	64064	133.57350000000002
49	1738	132.47
50	5019	131.773
51	65985	131.172
52	594	130.7745
53	54511	130.7715
54	23600	129.294
55	622	128.2685
56	3155	128.1705
57	593	125.571
58	1629	119.3655
59	587	117.9675
60	8050	116.468
61	23464	115.9635
62	212	114.66100000000002
63	400720	114.596
64	2885	114.4505
65	586	114.0645
66	8803	113.76399999999998
67	4594	113.3605
68	8802	111.96300000000001
69	4967	111.85999999999999
70	3712	111.26199999999999
71	8801	110.5615
72	7915	108.9565
73	1743	108.65950000000001
74	654231	108.275
75	6392	108.26700000000001
76	6391	107.965
77	211	107.45900000000002
78	6389	106.9585
79	6390	106.65799999999999
80	4163	105.06949999999999
81	2271	100.75699999999999
82	2739	96.1725
83	1337	95.849
84	3780	94.446
85	81542	87.75
86	64087	85.85499999999999
87	9641	80.5535
88	3106	77.4555
89	1350	69.3575
90	1327	63.955999999999996
91	7174	63.669000000000004
92	1347	61.45399999999999
93	4512	58.657
94	23505	58.0755
95	4514	57.654500000000006
96	8528	56.89149999999999
97	83667	54.565999999999995
98	170712	53.278499999999994
99	54205	53.223
100	56922	51.753
101	5564	51.741
102	6821	51.3515
103	9377	50.952999999999996
104	4513	50.949
105	124637	47.85
106	57007	47.5565
107	1346	45.7505
108	873	45.746500000000005
109	7247	45.7425
110	1936	45.1475
111	10975	44.848
112	7385	44.839999999999996
113	23305	44.791999999999994
114	1537	44.447
115	27089	44.444
116	7837	44.0535
117	1339	43.5495
118	7388	43.141
119	29796	42.847500000000004
120	7798	41.7495
121	23043	41.6455
122	203547	41.44
123	51504	41.236000000000004
124	4519	41.1465
125	7384	41.042
126	125965	40.845
127	7386	40.745999999999995
128	84701	40.5445
129	54093	40.3435
130	10289	40.144999999999996
131	7873	39.951
132	23170	39.248000000000005
133	1351	39.2435
134	4537	39.138
135	7381	38.8455
136	8800	38.697500000000005
137	23011	38.4525
138	56681	38.451499999999996
139	1349	38.243
140	7189	37.927499999999995
141	1340	37.3415
142	4538	37.2375
143	84464	37.195
144	7428	37.036500000000004
145	9167	36.640499999999996
146	1345	35.8395
147	6902	35.442
148	2098	35.2495
149	341947	35.239
150	1329	34.5385
151	4540	34.3365
152	10857	33.829
153	4718	32.8355
154	151516	32.573
155	7991	32.336
156	2110	32.035000000000004
157	9761	31.744
158	1652	31.639499999999998
159	126328	31.334500000000002
160	80011	30.476
161	4713	30.334000000000003
162	4724	29.832
163	4711	29.433
164	5358	29.0325
165	4717	28.9295
166	4708	28.8315
167	4706	27.831
168	4696	27.527499999999996
169	24140	27.430500000000002
170	7700	26.3485
171	4710	26.3305
172	2108	26.3265
173	55920	26.234
174	10627	26.2235
175	5110	26.1415
176	5902	26.128499999999995
177	4709	25.630000000000003
178	55967	25.426
179	84300	24.833499999999997
180	4707	24.529
181	4731	24.2255
182	8407	23.839
183	4723	23.524
184	3251	23.431
185	4714	23.4285
186	4702	22.7235
187	27101	22.3385
188	4712	22.328
189	2035	22.043
190	4695	21.823
191	80273	21.7345
192	6240	21.637
193	2171	20.938
194	4541	20.822499999999998
195	4694	20.726499999999998
196	3692	20.631999999999998
197	4716	20.327
198	4539	20.222
199	548596	20.1295
200	5162	20.052
201	4535	19.925
202	54539	19.9165
203	4705	19.4215
204	1968	18.4375
205	9474	18.235
206	374291	18.221
207	51497	18.112000000000002
208	6624	18.0225
209	4701	17.819
210	4729	17.419999999999998
211	4715	17.3245
212	4728	16.819499999999998
213	4719	16.413999999999998
214	5691	16.127
215	7879	16.1205
216	302	15.641
217	51079	15.618500000000001
218	4282	15.224
219	387082	15.154
220	163859	15.058499999999999
221	4726	14.918000000000001
222	4725	14.4175
223	136319	14.2315
224	25996	14.122
225	353	14.032
226	4704	13.917000000000002
227	539	13.519499999999999
228	10434	13.426999999999998
229	4697	13.420499999999999
230	4700	13.416
231	56851	13.1465
232	4698	12.9155
233	4350	12.7215
234	1159	12.628
235	9861	12.625
236	5682	12.52
237	4722	12.415000000000001
238	80155	12.144499999999999
239	4720	11.9145
240	81876	11.7355
241	5687	11.526
242	1429	11.3405
243	4536	11.2135
244	8724	11.047
245	5688	10.7245
246	115207	10.4295
247	3396	10.2375
248	5719	10.218
249	51103	10.213
250	2688	9.7325
251	55379	9.5255
252	7416	9.243500000000001
253	8565	8.8375
254	5683	8.521
255	150946	8.434999999999999
256	10213	8.3185
257	5718	8.117
258	11164	7.925
259	51727	7.63
260	5700	7.515000000000001
261	5707	7.514
262	5479	7.319
263	51295	7.206999999999999
264	5714	7.1175
265	5721	6.8165
266	9141	6.733
267	11345	6.543000000000001
268	5695	6.316
269	87178	6.303
270	9520	6.0255
271	51218	5.805
272	5711	5.7135
273	23198	5.708
274	5716	5.6129999999999995
275	5694	5.5145
276	5706	5.5125
277	7086	5.229
278	5713	4.910500000000001
279	7407	4.729
280	5704	4.711
281	5692	4.609
282	23478	4.4195
283	7345	4.33
284	5689	4.3115
285	5690	3.9075
286	5709	3.9045
287	5702	3.5085
288	3336	3.4244999999999997
289	5710	3.41
290	3306	3.1064999999999996
291	10726	3.0275
292	5693	3.0095
293	5685	2.9059999999999997
294	5701	2.805
295	51377	2.803
296	4110	2.6115
297	5686	2.5035
298	5720	2.407
299	11047	1.902
300	5684	1.8119999999999998
301	5717	1.8054999999999999
302	22919	1.7205
303	4609	1.7075
304	5708	1.7015
305	5705	1.404
306	6888	1.2155
307	79876	0.8480000000000001
308	9097	0.8025
309	7277	0.701
310	7539	0.6035
311	51371	0.3005
312	81027	0.1025
313	8799	0.096
314	7329	0.0925
315	23132	0.0905
316	6342	0.0665
317	26147	0.066
318	140809	0.065
319	3156	0.0625
320	7116	0.062
321	7021	0.06
322	11264	0.0595
323	166785	0.0595
324	51119	0.057999999999999996
325	54980	0.05600000000000001
326	83473	0.05450000000000001
327	10130	0.052500000000000005
328	10944	0.0505
329	10961	0.0485
330	5518	0.0335
331	2935	0.032
332	6208	0.0315
333	55737	0.027000000000000003
334	2947	0.024
335	6189	0.0235
336	389	0.022
337	100291837	0.0195
338	6418	0.016
339	5198	0.0155
340	56005	0.0155
341	1029	0.014000000000000002
342	2665	0.013500000000000002
343	4048	0.013000000000000001
344	493856	0.0115
345	382	0.011
346	8793	0.010499999999999999
347	4144	0.01
348	4522	0.0095
349	3615	0.009
350	6472	0.006500000000000001
351	10525	0.006500000000000001
352	10197	0.0055
353	2597	0.005
354	94081	0.005
355	8767	0.0045
356	7458	0.0045
357	10856	0.0045
358	3107	0.0035000000000000005
359	751867	0.0035000000000000005
360	3303	0.003
361	7077	0.0025
362	2617	0.0025
363	80227	0.002
364	23193	0.002
365	23253	0.0015
366	3309	0.001
367	81627	0.001
368	22824	0.001
369	9352	0.0005
370	10606	0.0005
