rank	node	rank_score
1	5408	179.2
2	8513	177.99949999999998
3	5407	176.698
4	1208	175.799
5	9388	175.29749999999999
6	5406	175.0985
7	11343	174.497
8	2713	173.2965
9	2712	171.296
10	2710	170.2945
11	57678	167.294
12	821	159.0585
13	965	157.4955
14	4035	152.59300000000002
15	338	151.99099999999999
16	2157	146.7455
17	811	144.459
18	2158	136.4445
19	9567	129.4925
20	3359	123.29249999999999
21	3309	120.99000000000001
22	7450	120.4875
23	11093	120.38250000000001
24	4543	119.6905
25	9601	116.78699999999999
26	7184	114.78600000000002
27	7038	112.9865
28	4547	112.88499999999999
29	3949	111.78099999999999
30	10525	110.6855
31	3134	98.479
32	2923	97.7805
33	912	96.5765
34	567	96.2715
35	3133	95.776
36	6892	95.275
37	6890	94.872
38	3135	94.6735
39	3105	93.87100000000001
40	6891	93.7755
41	10859	93.37
42	3107	90.6695
43	3106	89.9725
44	10288	89.7655
45	925	88.76599999999999
46	6532	88.688
47	3824	87.8595
48	22820	85.161
49	1315	84.65799999999999
50	6955	83.768
51	6513	78.07849999999999
52	344	75.09349999999999
53	4325	74.79249999999999
54	3822	74.6575
55	4324	72.342
56	28912	71.8915
57	3172	71.092
58	799	67.89
59	89782	64.7915
60	801	63.977
61	6667	63.188
62	11198	62.27049999999999
63	51386	60.96849999999999
64	6741	60.874
65	128312	60.867000000000004
66	1593	60.0875
67	26986	59.3775
68	57519	58.795
69	5034	57.5745
70	121504	57.263999999999996
71	3014	57.163
72	22818	56.751999999999995
73	4869	56.6675
74	8531	56.665
75	10236	56.6625
76	3077	55.963499999999996
77	3018	55.3645
78	55037	53.35850000000001
79	5354	53.088499999999996
80	915	52.7495
81	6749	51.963499999999996
82	8342	51.160000000000004
83	7253	49.7845
84	255738	46.479
85	2885	45.355000000000004
86	3812	44.5655
87	28638	43.665
88	6670	43.386
89	6574	42.484
90	1660	42.415
91	26958	41.2755
92	1580	41.1825
93	51226	41.074
94	7189	40.68300000000001
95	372	40.3735
96	51272	39.873000000000005
97	9276	39.8725
98	11316	39.270500000000006
99	926	39.156
100	7047	38.871
101	1314	38.669
102	22908	38.366
103	7080	38.048
104	140890	37.349000000000004
105	6152	36.503
106	1576	35.7835
107	1582	35.5905
108	401152	34.157
109	6714	34.048500000000004
110	9020	33.814
111	1565	32.689499999999995
112	6203	32.417500000000004
113	7025	31.689
114	22907	31.148500000000002
115	8578	30.9805
116	6147	29.709500000000002
117	30001	28.973000000000003
118	335	28.4865
119	6122	28.2035
120	345	28.188499999999998
121	7018	28.179499999999997
122	55379	27.9235
123	432	27.782
124	6189	26.717000000000002
125	728937	26.143
126	2335	25.7765
127	7941	25.575
128	5999	25.4555
129	4036	25.0665
130	6129	24.7245
131	2091	23.7155
132	3674	23.6465
133	3809	23.5685
134	9784	23.5535
135	6222	23.528
136	3284	23.168
137	64714	22.8475
138	4018	22.7495
139	10642	22.7335
140	6194	22.6065
141	873	22.269
142	6210	22.038
143	409	21.6145
144	57007	21.549
145	6128	21.5095
146	4904	21.3405
147	4691	21.256
148	6927	21.246000000000002
149	170506	21.2455
150	9045	21.0005
151	2058	20.7395
152	7837	20.541500000000003
153	23521	19.932
154	6202	19.2295
155	26354	19.035500000000003
156	3312	18.7665
157	6157	18.7475
158	284695	18.225
159	6142	18.130000000000003
160	6154	18.1255
161	5624	17.945
162	8664	17.842000000000002
163	120329	17.783
164	11331	17.7435
165	2677	17.639
166	3608	17.3285
167	6191	17.323
168	3320	17.1555
169	6228	17.101499999999998
170	2147	17.0625
171	5245	16.919999999999998
172	6143	16.818
173	5603	16.78
174	6135	16.718
175	11224	16.6325
176	6139	16.549
177	3192	16.5305
178	5627	16.343
179	9451	16.178
180	2153	16.035
181	6158	16.0165
182	2159	15.639500000000002
183	7026	15.487
184	5269	15.347
185	213	15.283000000000001
186	284996	15.251499999999998
187	337	15.181000000000001
188	6124	15.142500000000002
189	10130	15.0795
190	2149	15.0335
191	128876	14.985
192	2155	14.931999999999999
193	28916	14.879
194	6193	14.836500000000001
195	5444	14.778
196	5104	14.76
197	6159	14.738499999999998
198	23064	14.6785
199	3821	14.677000000000001
200	7056	14.658000000000001
201	3514	14.5755
202	5376	14.468
203	5327	14.4635
204	57165	14.382
205	5054	14.366
206	1514	14.2815
207	91807	14.1745
208	2099	14.1525
209	3493	14.072999999999999
210	5328	14.062999999999999
211	79925	13.968
212	6597	13.907499999999999
213	3500	13.872
214	6188	13.838999999999999
215	3538	13.769499999999999
216	6328	13.756
217	7276	13.669999999999998
218	5340	13.6595
219	3065	13.604
220	2160	13.540000000000001
221	5274	13.450999999999999
222	341	13.370500000000002
223	57835	13.350999999999999
224	50628	13.3245
225	1991	13.243500000000001
226	283160	13.169
227	79691	13.0675
228	3868	12.985499999999998
229	710	12.8565
230	3188	12.814499999999999
231	7057	12.762
232	28442	12.6685
233	3857	12.5725
234	7436	12.561
235	1191	12.467
236	3507	12.375
237	5950	12.257
238	23345	12.246500000000001
239	3066	12.128499999999999
240	5250	12.126000000000001
241	959	12.0735
242	6160	12.044
243	259	11.9545
244	3827	11.9405
245	6156	11.9125
246	1511	11.834
247	6134	11.8185
248	3250	11.774
249	23450	11.709999999999999
250	8542	11.564499999999999
251	10772	11.52
252	6165	11.511
253	354	11.3575
254	5094	11.3005
255	3848	11.2715
256	1326	11.248000000000001
257	6187	11.2205
258	5093	11.153
259	3780	11.05
260	2243	10.964
261	338412	10.8515
262	509	10.8375
263	8029	10.7775
264	7356	10.665000000000001
265	408	10.6615
266	7037	10.564499999999999
267	142	10.511
268	6256	10.353
269	1650	10.35
270	388697	10.245000000000001
271	5901	10.2325
272	3486	10.1555
273	3609	9.9025
274	7534	9.862
275	9971	9.8275
276	9641	9.751000000000001
277	4637	9.637
278	9612	9.622
279	196	9.4315
280	6902	9.3615
281	302	9.338
282	6144	9.3115
283	2244	9.251999999999999
284	84319	9.244499999999999
285	5451	9.2425
286	1655	9.2205
287	6175	9.124
288	309	9.0355
289	27335	8.9485
290	10202	8.8465
291	1717	8.84
292	2033	8.8385
293	6168	8.8015
294	3183	8.719
295	6599	8.704
296	8668	8.6605
297	6132	8.641499999999999
298	6792	8.637
299	5042	8.626000000000001
300	25	8.5375
301	30968	8.532
302	26156	8.504999999999999
303	10969	8.502500000000001
304	5465	8.500499999999999
305	2023	8.442499999999999
306	10480	8.3475
307	1050	8.336
308	9733	8.3225
309	25885	8.309999999999999
310	9188	8.249500000000001
311	7417	8.2385
312	405	8.230500000000001
313	1974	8.155
314	222235	8.120999999999999
315	60	8.116499999999998
316	10499	8.033
317	10056	7.9430000000000005
318	2151	7.9254999999999995
319	6155	7.906499999999999
320	3488	7.8605
321	498	7.840000000000001
322	11218	7.8340000000000005
323	8648	7.8285
324	7419	7.7375
325	8202	7.7355
326	3326	7.715999999999999
327	6181	7.712999999999999
328	1938	7.708
329	920	7.632
330	5915	7.608
331	10399	7.531499999999999
332	6201	7.527500000000001
333	1499	7.5235
334	203068	7.4365
335	3842	7.3340000000000005
336	7068	7.3065
337	2597	7.2545
338	5914	7.222499999999999
339	8662	7.1435
340	7421	7.122999999999999
341	7284	7.1135
342	3184	7.047
343	6184	6.947
344	3646	6.9415000000000004
345	9325	6.920999999999999
346	3181	6.830500000000001
347	23054	6.8215
348	6727	6.805
349	7416	6.739
350	10463	6.631
351	1933	6.545999999999999
352	5468	6.518000000000001
353	1654	6.422499999999999
354	6137	6.412000000000001
355	6258	6.4094999999999995
356	6908	6.3355
357	301	6.3335
358	10128	6.236
359	72	6.203
360	3187	6.141
361	8431	6.1185
362	8663	6.045
363	5916	6.014
364	2771	5.9350000000000005
365	9611	5.9145
366	8971	5.909000000000001
367	8344	5.8345
368	3921	5.731
369	6206	5.6285
370	6223	5.529
371	7067	5.515
372	6218	5.5120000000000005
373	6146	5.4265
374	7376	5.4135
375	25873	5.407
376	3725	5.3365
377	11103	5.313000000000001
378	3837	5.227
379	1387	5.1240000000000006
380	6176	5.1215
381	6141	5.019
382	6204	4.933
383	367	4.929
384	4311	4.826
385	8805	4.82
386	6996	4.7195
387	27043	4.702
388	602	4.619
389	9349	4.615
390	6229	4.525
391	5371	4.5115
392	84844	4.5095
393	2908	4.4165
394	388698	4.336
395	3329	4.322
396	10062	4.2090000000000005
397	3178	4.13
398	9221	4.106
399	8841	4.1015
400	3932	4.0255
401	55646	4.016
402	7846	3.9210000000000003
403	8204	3.91
404	10989	3.8085
405	6257	3.7060000000000004
406	10514	3.7030000000000003
407	10492	3.6079999999999997
408	2100	3.603
409	55131	3.5055
410	55681	3.5055
411	10419	3.4314999999999998
412	5925	3.405
413	4673	3.405
414	6130	3.3235
415	292	3.3155
416	5594	3.313
417	6208	3.243
418	6207	3.2195
419	2959	3.101
420	8661	3.051
421	7431	3.0185
422	2353	2.916
423	3007	2.9015
424	1457	2.8085
425	6170	2.8075
426	6136	2.8075
427	6205	2.709
428	56945	2.633
429	5467	2.6055
430	11137	2.601
431	573	2.4045
432	23107	2.3295000000000003
433	6235	2.3105
434	7157	2.3045
435	151568	2.217
436	672	2.2075
437	23451	2.131
438	23405	1.9175
439	51021	1.904
440	6161	1.811
441	1915	1.8024999999999998
442	6125	1.7085000000000001
443	6732	1.7045000000000001
444	497661	1.6039999999999999
445	10992	1.5265
446	4087	1.407
447	6138	1.1035
448	6209	1.1019999999999999
449	55226	1.0175
450	4088	1.0154999999999998
451	1665	0.922
452	81027	0.9115
453	4089	0.712
454	23560	0.5145
455	861	0.5125
456	4654	0.3025
457	8850	0.12050000000000001
458	85456	0.094
459	80351	0.093
460	10555	0.092
461	5265	0.091
462	4012	0.091
463	9695	0.09
464	1374	0.0895
465	137964	0.089
466	1375	0.0885
467	2180	0.088
468	54681	0.0875
469	9415	0.0875
470	6785	0.087
471	3992	0.0865
472	51703	0.086
473	2182	0.08549999999999999
474	6319	0.08499999999999999
475	26049	0.08449999999999999
476	2194	0.08449999999999999
477	126129	0.08399999999999999
478	2773	0.08349999999999999
479	11001	0.08349999999999999
480	2181	0.08299999999999999
481	55301	0.08249999999999999
482	116285	0.08199999999999999
483	4153	0.08149999999999999
484	56894	0.08149999999999999
485	720	0.0805
486	10554	0.0805
487	1471	0.08
488	55326	0.08
489	56895	0.0785
490	5007	0.0785
491	23460	0.0775
492	4782	0.077
493	8475	0.077
494	1551	0.076
495	2995	0.0745
496	2152	0.074
497	2822	0.072
498	10961	0.0715
499	5578	0.06899999999999999
500	4070	0.0665
501	26165	0.0655
502	2902	0.0655
503	5564	0.065
504	1503	0.0645
505	55737	0.064
506	5931	0.0625
507	123283	0.062
508	8819	0.062
509	4048	0.062
510	3503	0.0615
511	5550	0.0615
512	80021	0.0615
513	7035	0.0615
514	25942	0.061
515	57336	0.061
516	327	0.0605
517	5928	0.06
518	7812	0.0595
519	8665	0.059
520	1936	0.059
521	5947	0.059
522	56886	0.059
523	57504	0.058499999999999996
524	2625	0.058499999999999996
525	2150	0.058499999999999996
526	1109	0.057999999999999996
527	57649	0.057999999999999996
528	2811	0.057999999999999996
529	85509	0.057499999999999996
530	375	0.056999999999999995
531	57708	0.056999999999999995
532	4982	0.056999999999999995
533	1981	0.056499999999999995
534	9739	0.056499999999999995
535	2316	0.05600000000000001
536	64426	0.05550000000000001
537	4163	0.05550000000000001
538	84312	0.05500000000000001
539	8932	0.05450000000000001
540	3053	0.054000000000000006
541	23091	0.054000000000000006
542	25855	0.054000000000000006
543	3273	0.054000000000000006
544	2491	0.053500000000000006
545	7428	0.053500000000000006
546	2746	0.053500000000000006
547	8793	0.053500000000000006
548	5905	0.053500000000000006
549	5926	0.053500000000000006
550	1601	0.053500000000000006
551	3622	0.053000000000000005
552	1058	0.052500000000000005
553	79595	0.052500000000000005
554	5345	0.052500000000000005
555	5997	0.052000000000000005
556	9159	0.052000000000000005
557	9112	0.052000000000000005
558	22837	0.051500000000000004
559	23309	0.051500000000000004
560	5275	0.051500000000000004
561	2098	0.051000000000000004
562	51742	0.051000000000000004
563	5583	0.051000000000000004
564	730	0.0505
565	55717	0.0505
566	8241	0.0505
567	8473	0.0505
568	3690	0.0505
569	9493	0.05
570	285855	0.05
571	203547	0.05
572	10855	0.05
573	3621	0.05
574	10728	0.05
575	3685	0.05
576	4628	0.0495
577	51702	0.0495
578	53615	0.0495
579	7448	0.0495
580	55920	0.049
581	8289	0.049
582	2534	0.049
583	7036	0.0485
584	948	0.0485
585	23170	0.048
586	2266	0.048
587	1994	0.0475
588	10735	0.0475
589	5329	0.0475
590	6282	0.047
591	2617	0.047
592	3054	0.047
593	7287	0.047
594	548596	0.0465
595	135112	0.0465
596	86	0.0465
597	1742	0.0465
598	10857	0.046
599	6224	0.046
600	64919	0.046
601	80829	0.0455
602	6066	0.0455
603	6601	0.0455
604	57190	0.0455
605	4841	0.045
606	973	0.045
607	10284	0.045
608	3688	0.045
609	79682	0.0445
610	3512	0.0445
611	1108	0.0445
612	5581	0.0445
613	1356	0.044
614	8667	0.044
615	6418	0.044
616	9070	0.044
617	7555	0.044
618	4811	0.044
619	808	0.0435
620	2551	0.0435
621	961	0.0435
622	54093	0.043
623	9126	0.043
624	9219	0.042499999999999996
625	2935	0.041999999999999996
626	6304	0.041999999999999996
627	8335	0.041999999999999996
628	5747	0.041999999999999996
629	8751	0.041499999999999995
630	350	0.040999999999999995
631	5977	0.040999999999999995
632	2162	0.040999999999999995
633	11091	0.0405
634	1267	0.0405
635	11177	0.04
636	92591	0.04
637	9960	0.0395
638	1107	0.0395
639	57459	0.039
640	6602	0.0385
641	7052	0.0385
642	10924	0.038
643	8189	0.038
644	91179	0.038
645	6603	0.0375
646	4067	0.0375
647	10011	0.037
648	23186	0.037
649	58512	0.037
650	5929	0.0365
651	8529	0.0365
652	6598	0.036
653	5175	0.036
654	4297	0.0355
655	6696	0.0355
656	51102	0.034999999999999996
657	6605	0.034999999999999996
658	928	0.034999999999999996
659	4800	0.034499999999999996
660	23028	0.034499999999999996
661	3693	0.034499999999999996
662	8467	0.034
663	2165	0.034
664	26608	0.0335
665	133522	0.0335
666	6595	0.0335
667	5029	0.0335
668	6872	0.033
669	1956	0.033
670	348	0.0325
671	55003	0.0325
672	53981	0.0325
673	1398	0.0325
674	9203	0.032
675	3678	0.032
676	85358	0.0315
677	5970	0.031
678	6878	0.031
679	4690	0.031
680	6883	0.0305
681	1793	0.0305
682	336	0.03
683	5770	0.03
684	7391	0.0295
685	3308	0.0295
686	80831	0.0295
687	293	0.028999999999999998
688	3275	0.028999999999999998
689	6880	0.028999999999999998
690	22839	0.028999999999999998
691	54815	0.028499999999999998
692	11250	0.028499999999999998
693	2103	0.028000000000000004
694	10274	0.028000000000000004
695	2185	0.028000000000000004
696	10856	0.027500000000000004
697	6604	0.027500000000000004
698	5159	0.027500000000000004
699	5360	0.027000000000000003
700	9343	0.027000000000000003
701	64111	0.027000000000000003
702	50808	0.026500000000000003
703	55193	0.026500000000000003
704	5335	0.026500000000000003
705	6658	0.026000000000000002
706	8856	0.026000000000000002
707	56955	0.026000000000000002
708	196528	0.025500000000000002
709	5829	0.025500000000000002
710	286343	0.025
711	64324	0.025
712	54760	0.025
713	114784	0.025
714	23426	0.0245
715	5885	0.0245
716	10278	0.0245
717	51412	0.024
718	128853	0.024
719	9031	0.0235
720	9229	0.0235
721	4736	0.023
722	7044	0.023
723	5781	0.023
724	55636	0.0225
725	83747	0.0225
726	7155	0.022
727	4233	0.022
728	6169	0.0215
729	54881	0.0215
730	10891	0.0215
731	4298	0.0215
732	2213	0.0215
733	9564	0.020999999999999998
734	8243	0.020499999999999997
735	3717	0.020499999999999997
736	27292	0.02
737	7704	0.02
738	57492	0.02
739	50807	0.02
740	8487	0.0195
741	5295	0.0195
742	6722	0.019
743	51317	0.019
744	867	0.019
745	51202	0.0185
746	23199	0.0185
747	445815	0.0185
748	10589	0.018
749	9228	0.018
750	8031	0.017499999999999998
751	7181	0.017499999999999998
752	8815	0.017499999999999998
753	10618	0.017499999999999998
754	8886	0.017
755	3360	0.017
756	831	0.017
757	57410	0.0165
758	2321	0.0165
759	81887	0.016
760	29893	0.016
761	89777	0.016
762	83858	0.0155
763	2516	0.0155
764	6464	0.0155
765	57418	0.015
766	5469	0.015
767	23230	0.015
768	55699	0.014499999999999999
769	2064	0.014499999999999999
770	79084	0.014000000000000002
771	9782	0.014000000000000002
772	10661	0.014000000000000002
773	56995	0.014000000000000002
774	23263	0.013500000000000002
775	1022	0.013500000000000002
776	7750	0.013500000000000002
777	7525	0.013500000000000002
778	1748	0.013000000000000001
779	2969	0.013000000000000001
780	4486	0.013000000000000001
781	3185	0.0125
782	9329	0.0125
783	6949	0.0125
784	5241	0.0125
785	2960	0.0125
786	5782	0.0125
787	51602	0.012
788	1796	0.012
789	2332	0.0115
790	5595	0.0115
791	3643	0.0115
792	55299	0.011
793	1399	0.011
794	4862	0.010499999999999999
795	3191	0.010499999999999999
796	5927	0.010499999999999999
797	2965	0.010499999999999999
798	9846	0.010499999999999999
799	2975	0.01
800	5449	0.01
801	3297	0.01
802	2889	0.01
803	55629	0.0095
804	1024	0.0095
805	6655	0.0095
806	8721	0.009
807	6613	0.009
808	2549	0.009
809	9533	0.0085
810	8290	0.0085
811	3815	0.0085
812	6774	0.008
813	4204	0.008
814	11184	0.008
815	9412	0.0075
816	5777	0.0075
817	6133	0.007000000000000001
818	64960	0.007000000000000001
819	10362	0.007000000000000001
820	6654	0.007000000000000001
821	10401	0.006500000000000001
822	2962	0.006500000000000001
823	9749	0.006500000000000001
824	6217	0.006
825	64969	0.006
826	6950	0.006
827	51631	0.006
828	55806	0.006
829	892	0.006
830	22941	0.006
831	51116	0.0055
832	2624	0.0055
833	4609	0.0055
834	5336	0.0055
835	5430	0.005
836	9743	0.005
837	51649	0.0045
838	5976	0.0045
839	2967	0.0045
840	6850	0.0045
841	57292	0.004
842	23090	0.0035000000000000005
843	9775	0.0035000000000000005
844	6173	0.0035000000000000005
845	6881	0.0035000000000000005
846	2057	0.0035000000000000005
847	51341	0.003
848	283078	0.003
849	6777	0.003
850	9513	0.0025
851	5431	0.0025
852	3480	0.0025
853	1051	0.002
854	10957	0.002
855	2071	0.002
856	3635	0.002
857	7764	0.0015
858	3055	0.0015
859	51592	0.001
860	5440	0.001
861	10603	0.001
862	9970	0.0005
863	5921	0.0005
