rank	node	rank_score
1	2033	176.05349999999999
2	3065	158.7385
3	672	154.4355
4	2099	146.2625
5	1387	144.8485
6	6598	144.0025
7	6667	140.1415
8	57337	138.299
9	6597	133.1235
10	5371	129.051
11	7157	128.858
12	3066	127.601
13	5925	123.44200000000001
14	367	120.0405
15	6908	117.327
16	6599	116.84349999999999
17	8841	116.8155
18	6601	112.8255
19	5970	111.74099999999999
20	25942	110.5205
21	8289	108.125
22	6602	105.4245
23	3725	104.849
24	6603	104.71199999999999
25	6595	104.44650000000001
26	2959	103.11949999999999
27	86	102.1155
28	1108	101.8095
29	8819	101.7055
30	5928	101.21000000000001
31	6604	100.4165
32	9219	100.40650000000001
33	5931	100.017
34	6477	99.9
35	10524	98.8955
36	6605	96.024
37	5977	96.0025
38	53615	95.3015
39	57459	95.107
40	9612	94.2215
41	54760	94.1115
42	7421	93.223
43	51742	92.413
44	9611	90.61749999999999
45	8850	90.106
46	1024	88.315
47	6872	88.237
48	7155	88.1545
49	2965	87.006
50	5430	84.902
51	3621	83.3875
52	8932	82.774
53	10589	82.30499999999999
54	2962	81.80799999999999
55	9412	80.4145
56	1022	79.4225
57	7528	78.387
58	57492	77.0305
59	55193	76.9075
60	10284	76.4695
61	4081	74.4975
62	6880	74.47
63	23028	74.4665
64	8189	73.16499999999999
65	4297	72.96700000000001
66	6878	72.6735
67	53981	72.6645
68	6774	71.646
69	6883	71.468
70	2960	71.255
71	8202	71.2255
72	1107	70.664
73	51341	70.5855
74	5929	70.5635
75	85509	69.5415
76	892	69.158
77	4298	69.0125
78	8467	68.7655
79	11091	68.263
80	57504	67.873
81	4087	66.03150000000001
82	5901	65.1615
83	4088	64.839
84	1017	64.32849999999999
85	2967	64.251
86	9031	63.842499999999994
87	9343	63.761
88	23309	63.747
89	55636	63.7105
90	51412	63.101
91	2071	62.1515
92	7704	61.519000000000005
93	23186	61.452999999999996
94	60	60.2605
95	1025	60.015
96	5504	59.9985
97	5914	59.92100000000001
98	7707	59.097500000000004
99	2969	58.95
100	26259	57.6965
101	2956	57.5905
102	9112	57.54600000000001
103	2624	56.291999999999994
104	1457	55.955999999999996
105	7044	55.6485
106	10498	54.57899999999999
107	9203	54.239
108	7750	51.544000000000004
109	2908	51.261
110	6996	50.6065
111	54815	50.3535
112	51317	49.8435
113	23199	49.638
114	81627	49.0905
115	1020	48.898
116	196528	47.762
117	4193	46.8115
118	23054	46.6365
119	595	46.6345
120	1487	46.628499999999995
121	3360	46.0445
122	1019	45.729
123	983	45.1555
124	25855	43.952
125	10362	43.7375
126	5501	42.705
127	6304	42.4005
128	64426	42.0505
129	6613	41.618
130	6256	41.3775
131	5469	41.0045
132	25	40.717
133	7067	40.428999999999995
134	11198	40.231
135	3308	39.625
136	8243	39.6065
137	51807	39.5995
138	22853	39.29600000000001
139	10224	39.096500000000006
140	5499	38.997
141	11177	38.945499999999996
142	1051	38.8675
143	57761	38.7945
144	1021	38.5325
145	8295	37.9325
146	3516	37.9215
147	51592	37.822
148	3320	37.8005
149	1027	37.647000000000006
150	51564	37.599000000000004
151	5926	37.432
152	5467	36.9895
153	4654	35.034000000000006
154	5594	34.7935
155	84152	34.011
156	1869	33.7275
157	4204	32.811
158	1459	32.346500000000006
159	8290	31.940999999999995
160	2623	31.547500000000003
161	399511	30.734
162	57410	30.7235
163	6714	30.3375
164	9325	30.3085
165	10274	29.623
166	861	29.432
167	3054	29.043
168	142	28.6205
169	9739	28.437
170	1026	27.8755
171	3183	27.642500000000002
172	10735	27.228999999999996
173	9070	26.533500000000004
174	5451	26.322000000000003
175	3622	26.3205
176	10474	26.226999999999997
177	1499	25.9185
178	6881	25.6385
179	8648	25.6295
180	10499	25.6265
181	891	25.365000000000002
182	79595	25.1175
183	8473	24.936
184	6886	24.003
185	5934	23.2885
186	10485	22.6795
187	5971	22.523500000000002
188	10763	22.2775
189	6882	22.2395
190	4089	21.9035
191	3312	21.035500000000003
192	10661	20.822499999999998
193	896	20.728
194	5885	20.7195
195	573	20.6105
196	6917	19.5095
197	5834	19.494999999999997
198	91768	19.471
199	8851	19.3785
200	6874	19.3315
201	5595	19.195500000000003
202	9794	19.0015
203	4084	18.993000000000002
204	57621	18.7885
205	6241	18.479
206	5982	18.455000000000002
207	3020	18.3525
208	5947	18.345
209	2957	18.335
210	112885	18.219
211	3091	18.203
212	5127	18.182
213	5981	18.067500000000003
214	5591	18.018
215	9759	17.983
216	2648	17.726499999999998
217	3070	17.691499999999998
218	84312	17.6145
219	9126	17.6135
220	2961	17.310499999999998
221	4435	17.301
222	6830	17.2015
223	2966	16.704500000000003
224	2068	16.7035
225	1050	16.6305
226	64324	16.5315
227	3429	16.487000000000002
228	2353	16.46
229	9734	16.389
230	4332	16.277
231	5604	16.193
232	7068	15.812999999999999
233	5440	15.802000000000001
234	9697	15.628
235	2963	15.607
236	6497	15.509
237	6118	15.3505
238	6117	15.261000000000001
239	4331	15.203
240	3925	15.0795
241	5111	14.976499999999998
242	6877	14.930000000000001
243	5426	14.755500000000001
244	51616	14.626
245	22944	14.616
246	3832	14.5625
247	5424	14.5575
248	3297	14.367
249	890	14.263
250	5422	14.157
251	3978	13.9525
252	2932	13.894
253	4790	13.809999999999999
254	6119	13.751
255	894	13.725999999999999
256	6884	13.7255
257	7150	13.452000000000002
258	5770	13.119499999999999
259	6879	13.029500000000002
260	196	13.001499999999998
261	283078	12.9815
262	23649	12.947999999999999
263	7153	12.774
264	8464	12.721
265	10714	12.449
266	5927	12.405
267	5558	12.3475
268	2958	12.322
269	1847	12.192499999999999
270	57804	12.147
271	902	12.125499999999999
272	5557	12.0515
273	6875	12.049
274	83860	12.0275
275	56655	11.946
276	5425	11.853
277	54107	11.749500000000001
278	5427	11.644499999999999
279	6873	11.623999999999999
280	5435	11.617
281	2968	11.522499999999999
282	5438	11.321
283	6689	11.237
284	5439	11.2215
285	5433	11.1165
286	7764	11.1125
287	5436	11.016
288	5432	10.82
289	5468	10.8135
290	5434	10.6205
291	5437	10.5185
292	5441	10.4175
293	7316	10.338
294	10629	10.32
295	5431	10.3195
296	9150	10.2145
297	26015	10.1135
298	904	10.0045
299	84246	9.9115
300	129685	9.7225
301	27097	9.4245
302	1386	9.362
303	2308	9.1165
304	4851	9.105
305	995	8.955
306	404672	8.818000000000001
307	9441	8.7105
308	5058	8.6095
309	1432	7.99
310	79366	7.772499999999999
311	8986	7.3895
312	3309	7.315
313	55588	7.104000000000001
314	9862	6.920999999999999
315	4194	6.587000000000001
316	5566	6.2245
317	55090	6.101
318	3172	5.82
319	5933	5.7335
320	3303	5.704
321	9133	5.6665
322	163126	5.531499999999999
323	5241	5.5075
324	5599	5.385
325	3326	5.3265
326	6314	5.3155
327	219541	5.1049999999999995
328	5601	4.782500000000001
329	4605	4.6405
330	5757	4.559
331	8204	4.528499999999999
332	7161	4.3955
333	898	3.965
334	10025	3.9005
335	5600	3.8735
336	6935	3.81
337	2114	3.7435
338	117143	3.3185000000000002
339	6239	3.1025
340	2113	2.8445
341	7341	2.2075
342	6688	1.7329999999999999
343	2100	1.404
344	10891	1.33
345	9913	1.016
346	8820	0.79
347	3164	0.20550000000000002
348	22992	0.099
349	55215	0.0985
350	84687	0.098
351	53918	0.098
352	8604	0.0975
353	51110	0.097
354	55607	0.0965
355	2177	0.0965
356	23026	0.096
357	10090	0.096
358	9656	0.096
359	55655	0.0955
360	23645	0.095
361	55728	0.095
362	3299	0.0945
363	5500	0.0945
364	28996	0.0945
365	10111	0.0945
366	153743	0.094
367	147923	0.094
368	4683	0.094
369	1879	0.093
370	4361	0.093
371	163732	0.093
372	8626	0.0925
373	641	0.0925
374	1852	0.092
375	5829	0.0915
376	6992	0.0915
377	113130	0.091
378	94241	0.091
379	3981	0.091
380	11076	0.0905
381	65084	0.0905
382	7013	0.0905
383	1616	0.09
384	7014	0.0895
385	1827	0.089
386	4751	0.089
387	5984	0.089
388	1978	0.0885
389	4436	0.0885
390	5606	0.088
391	64779	0.088
392	57649	0.088
393	545	0.088
394	5515	0.0875
395	81566	0.0875
396	4292	0.0875
397	283455	0.087
398	5378	0.087
399	1848	0.0865
400	580	0.0865
401	1846	0.086
402	4255	0.086
403	644	0.08549999999999999
404	64421	0.08549999999999999
405	862	0.08549999999999999
406	4437	0.08499999999999999
407	56940	0.08449999999999999
408	56704	0.08449999999999999
409	11073	0.08449999999999999
410	3021	0.08399999999999999
411	26471	0.08399999999999999
412	54386	0.08399999999999999
413	5608	0.08349999999999999
414	5932	0.08349999999999999
415	596	0.08299999999999999
416	571	0.08299999999999999
417	7158	0.08249999999999999
418	6416	0.08199999999999999
419	7520	0.08199999999999999
420	5609	0.08149999999999999
421	7503	0.08149999999999999
422	1843	0.081
423	26277	0.081
424	6300	0.0805
425	2547	0.0805
426	4776	0.08
427	79840	0.08
428	65057	0.0795
429	5602	0.079
430	3014	0.079
431	4638	0.0785
432	1111	0.0785
433	10018	0.078
434	25913	0.078
435	9467	0.077
436	10848	0.077
437	7486	0.077
438	11221	0.0765
439	80824	0.076
440	89857	0.076
441	7518	0.0755
442	5465	0.075
443	5597	0.0745
444	23162	0.074
445	1460	0.0735
446	10221	0.073
447	5596	0.0725
448	8550	0.072
449	5321	0.0715
450	83990	0.0715
451	3977	0.071
452	3856	0.0705
453	5894	0.06999999999999999
454	273	0.06999999999999999
455	11200	0.06999999999999999
456	8870	0.06949999999999999
457	5867	0.06949999999999999
458	11075	0.06899999999999999
459	2903	0.06899999999999999
460	10309	0.06899999999999999
461	5598	0.0685
462	7538	0.068
463	6853	0.068
464	5888	0.0675
465	8521	0.0675
466	5603	0.0665
467	4157	0.066
468	11277	0.066
469	9261	0.0655
470	9557	0.0655
471	7515	0.065
472	207	0.0645
473	7343	0.0645
474	6640	0.064
475	1053	0.0635
476	156	0.063
477	200558	0.063
478	6195	0.0615
479	5395	0.061
480	4616	0.0605
481	6196	0.0595
482	9252	0.059
483	2115	0.058499999999999996
484	4602	0.057499999999999996
485	2764	0.056999999999999995
486	5884	0.056999999999999995
487	29904	0.056499999999999995
488	2305	0.056499999999999995
489	5883	0.05600000000000001
490	2237	0.05550000000000001
491	51720	0.05500000000000001
492	6929	0.05450000000000001
493	5983	0.05450000000000001
494	572	0.054000000000000006
495	63967	0.054000000000000006
496	5810	0.053500000000000006
497	5527	0.053000000000000005
498	3364	0.053000000000000005
499	2002	0.052500000000000005
500	5985	0.052500000000000005
501	23300	0.052000000000000005
502	84142	0.052000000000000005
503	3932	0.051500000000000004
504	7156	0.051500000000000004
505	22909	0.051000000000000004
506	9479	0.0505
507	7374	0.0505
508	3667	0.05
509	5578	0.0495
510	5965	0.0495
511	2178	0.049
512	675	0.0485
513	6197	0.048
514	5581	0.0475
515	64800	0.0475
516	328	0.047
517	2189	0.0465
518	51763	0.0465
519	7249	0.0455
520	4208	0.045
521	5580	0.044
522	63922	0.0435
523	6548	0.043
524	80010	0.043
525	9440	0.043
526	1385	0.042499999999999996
527	7507	0.042499999999999996
528	9314	0.042499999999999996
529	990	0.041999999999999996
530	144715	0.041499999999999995
531	2188	0.040999999999999995
532	54457	0.0405
533	2176	0.0405
534	860	0.04
535	3980	0.04
536	2931	0.0395
537	2175	0.0395
538	5893	0.039
539	9282	0.039
540	57697	0.038
541	1874	0.0375
542	135458	0.0375
543	4800	0.037
544	55120	0.0365
545	55904	0.036
546	10923	0.036
547	2187	0.036
548	3159	0.0355
549	55775	0.0355
550	6722	0.034999999999999996
551	80306	0.034999999999999996
552	378708	0.034
553	7529	0.0335
554	4999	0.0335
555	10401	0.033
556	81620	0.033
557	4998	0.032
558	4176	0.0315
559	2004	0.031
560	29935	0.031
561	51343	0.0305
562	4171	0.0295
563	8900	0.026500000000000003
564	9968	0.026000000000000002
565	4137	0.025
566	9969	0.025
567	4170	0.024
568	8031	0.024
569	10320	0.024
570	81857	0.0235
571	9439	0.0225
572	54921	0.020999999999999998
573	29079	0.020999999999999998
574	4173	0.02
575	925	0.02
576	10001	0.019
577	9442	0.0185
578	5663	0.018
579	90390	0.017499999999999998
580	6502	0.0165
581	9967	0.0165
582	1956	0.016
583	400569	0.016
584	23389	0.0155
585	23093	0.015
586	9477	0.015
587	7080	0.014499999999999999
588	9443	0.014499999999999999
589	10987	0.014000000000000002
590	29915	0.014000000000000002
591	6837	0.014000000000000002
592	10002	0.013500000000000002
593	23097	0.013500000000000002
594	79035	0.013000000000000001
595	54797	0.013000000000000001
596	993	0.0125
597	51586	0.0125
598	6776	0.012
599	6871	0.012
600	112950	0.012
601	2316	0.0115
602	5452	0.0115
603	79075	0.0115
604	51003	0.0115
605	22938	0.011
606	5429	0.011
607	54439	0.010499999999999999
608	8535	0.010499999999999999
609	6777	0.009
610	23133	0.009
611	286343	0.0085
612	5567	0.008
613	8721	0.007000000000000001
614	1028	0.006
615	1390	0.0055
616	26574	0.004
617	6772	0.003
618	29028	0.002
619	84515	0.002
620	5568	0.0015
621	55031	0.0015
622	7015	0.001
