#rank	DIAMOnD_node	p_hyper
1	5104	1.724887427567682e-14
2	2811	2.4393554280886537e-11
3	55330	9.00388611371779e-10
4	63915	7.878155610914443e-12
5	2647	1.340572308007315e-13
6	282991	1.6386296559564897e-15
7	79803	2.5119311544970342e-17
8	26258	3.8923261369484334e-17
9	23557	3.724663239026007e-19
10	10947	1.9011473141070924e-20
11	10239	2.392340807674412e-22
12	1176	1.1935156089066442e-24
13	8120	3.995383096093126e-26
14	26985	2.6571023836993313e-27
15	8943	7.341913281876155e-29
16	3674	4.050628096073104e-08
17	2812	3.059441616058072e-08
18	7056	4.6450321730116424e-07
19	7781	9.855798405259366e-07
20	5269	1.0470013658787586e-06
21	961	2.452055606502021e-06
22	928	1.787174560274864e-07
23	7057	1.2173105658762e-06
24	948	4.5513092313225635e-07
25	811	6.728657598859386e-07
26	5327	8.981593283121616e-08
27	3675	1.191514329108611e-06
28	5328	1.958879414120516e-06
29	5340	9.909664214058696e-08
30	5345	4.923729060555332e-09
31	3827	1.3785327139806969e-07
32	5054	2.610950356981457e-07
33	3817	2.7193641904800657e-09
34	1991	3.058637366603151e-07
35	4035	4.460394824804098e-08
36	1511	1.6713492897917183e-07
37	710	1.9900318124199177e-07
38	2150	2.11160494624146e-07
39	5653	4.812047196250879e-07
40	7448	1.2325836616464888e-06
41	5329	1.9510586226160856e-07
42	3684	6.235757720075594e-08
43	3685	3.962837990466878e-07
44	2149	2.0505617490742784e-08
45	2335	2.1131498298485828e-07
46	4982	3.5558917549251524e-08
47	3488	4.8650094434775274e-08
48	3688	2.6701995770206005e-07
49	4811	6.247888488375076e-09
50	3386	9.06053999749415e-09
51	7052	2.3921783805547948e-08
52	1277	8.142699195261986e-08
53	6678	2.6292080122793966e-09
54	1278	1.4609026662374174e-10
55	4318	3.1963047318983427e-09
56	3678	1.8415518477075724e-09
57	6696	1.1157578747718505e-08
58	3693	1.7200428346693797e-08
59	4856	3.571789842656409e-08
60	1490	2.5316586319669723e-08
61	2192	4.576656888276203e-09
62	3339	4.0908080496988784e-08
63	3673	7.131062743062291e-09
64	284217	5.561960748406861e-09
65	1305	3.748794552527344e-08
66	5155	5.2145956644595946e-08
67	351	8.63252350151535e-08
68	7040	7.3630737472443874e-09
69	1285	1.0375646727451494e-08
70	2199	1.4817773616241986e-08
71	5549	4.932361141114353e-10
72	1282	1.3873678565847209e-09
73	1634	2.5215804284646903e-09
74	1287	1.0956748840975581e-10
75	1288	1.261679354245438e-12
76	22918	9.288813267592893e-13
77	1286	6.16865181413235e-12
78	5270	7.147680097398394e-14
79	3026	1.9142900170935536e-12
80	1284	2.5323216542877797e-13
81	4147	1.1818812261012082e-13
82	7045	8.370000178613662e-13
83	5008	1.529504363512788e-10
84	1280	2.7844500606786824e-10
85	6288	9.481210548525467e-10
86	633	2.996795358527505e-09
87	22795	1.214703186976373e-08
88	2006	5.775777239591949e-10
89	2200	5.359011856602107e-09
90	4052	6.944539768075655e-09
91	80781	2.615798831623015e-08
92	4237	3.428410884930143e-08
93	2201	3.519228868418311e-09
94	53353	2.5244852869015537e-07
95	3486	3.1216821594143695e-07
96	4313	7.20736511511434e-08
97	1293	4.132205299306765e-09
98	1294	8.291912230262036e-09
99	3672	6.125359853775059e-08
100	550	1.3536534265080294e-08
101	3918	3.143425201842264e-07
102	2923	5.6259172879946923e-08
103	3915	1.1495635918411616e-07
104	3911	2.739054898372275e-07
105	3914	7.032603632890832e-07
106	649	1.9813975624430142e-07
107	3818	7.456744765865108e-07
108	3082	3.1685382571200964e-07
109	5029	7.899677068284415e-07
110	4316	9.46245041194806e-07
111	7035	1.5366217303381573e-07
112	4321	6.299517508329894e-08
113	960	3.155199731054989e-07
114	4312	1.2949246105661892e-07
115	12	3.758965379057726e-08
116	354	1.0478085091038952e-07
117	5858	2.1520660566597457e-07
118	7042	1.5222246569397414e-07
119	27329	1.3971540471574988e-06
120	1690	1.4254747373025927e-06
121	1101	1.4541755709395123e-06
122	164656	1.48325908235825e-06
123	651	1.5127278058487595e-06
124	7422	2.032241114812354e-06
125	4018	2.1734514143063373e-06
126	1289	2.2295990573685755e-06
127	4099	1.2116326818424243e-06
128	4314	3.0425560743678965e-06
129	63827	1.0204881090317374e-07
130	7076	1.7872098149898463e-07
131	1404	7.153481133302341e-07
132	176	2.2073436642777995e-08
133	1462	1.0899043123430191e-08
134	6387	2.020064110665713e-07
135	3676	1.579918452287178e-06
136	967	5.7944663148331955e-08
137	7058	1.205856724486027e-07
138	3655	1.136417981253023e-06
139	3491	1.2646974230271222e-07
140	3732	2.0323131909941588e-07
141	977	1.464893239642786e-07
142	5738	1.3569561699510255e-07
143	1839	2.632397499874996e-07
144	821	5.632749176744832e-07
145	5265	4.077404175668291e-07
146	5354	4.4167485006065886e-07
147	5657	7.291481200312715e-07
148	4054	1.0667834397150447e-06
149	9507	1.0908301012247342e-06
150	8754	1.1751018047014514e-06
151	4179	1.2075348781568953e-06
152	7106	5.5666591067824406e-08
153	975	1.512999625581923e-08
154	963	1.3091002839331812e-06
155	5275	2.460265813176786e-06
156	4319	2.717886580997259e-06
157	4323	3.9912365286018215e-06
158	3696	3.9172333701286634e-08
159	4322	6.717802871863446e-08
160	7078	6.896644740470181e-08
161	6382	2.2604989179860437e-06
162	90070	4.262366081914959e-08
163	6354	4.556621280608133e-06
164	718	5.992456405252456e-06
165	4224	8.464497490382054e-06
166	3694	9.066630355119672e-06
167	7043	5.004944384671829e-07
168	2331	3.2786083686801743e-06
169	4192	1.2108003288861549e-05
170	8076	1.3365259241224062e-05
171	3934	1.3565973407563121e-05
172	2515	1.376867927265143e-05
173	8516	1.3973386514143918e-05
174	6383	1.6305707210713304e-05
175	5196	3.5986374312088004e-07
176	3909	6.2558239044125065e-06
177	2247	1.0468870067347165e-05
178	3689	1.3105421291640771e-05
179	51454	2.957806634000969e-07
180	2208	4.065419050310876e-06
181	7094	1.6656116764551544e-05
182	5310	6.689122604322969e-06
183	5747	1.1716239420262254e-05
184	4036	1.2451975531567713e-05
185	56899	7.929982908024957e-06
186	3695	1.3917197327351295e-06
187	9479	6.759412337613135e-07
188	7412	1.3225338618929639e-06
189	3680	8.436918984657027e-07
190	8174	4.4974269666363675e-06
191	5829	6.868750362710076e-06
192	6401	4.710471503174657e-06
193	3371	9.15862660222561e-06
194	3912	2.3771827622361363e-05
195	1291	2.706723661115422e-06
196	3691	1.1774558562830474e-05
197	3913	2.8034534387452812e-06
198	2316	8.622897589588256e-06
199	3959	1.8378805165924967e-05
200	7049	2.6361976198933484e-05
