#rank	DIAMOnD_node	p_hyper
1	8514	5.434072476179117e-05
2	26047	0.00012710121904400178
3	3737	5.731151065822794e-06
4	3738	0.0001505922886168107
5	3739	4.400118132730864e-06
6	1739	2.0964365262110974e-05
7	1742	3.225613317141427e-06
8	3741	3.2221751913982633e-07
9	88	2.610950357001645e-07
10	8573	3.648681945918866e-06
11	27165	1.49126241535341e-06
12	1740	3.589162320784295e-06
13	3761	3.468287226516395e-08
14	3759	2.730921161218769e-10
15	8825	2.122794539940248e-09
16	3768	7.516440738916353e-10
17	1741	2.0348982623162184e-10
18	493	1.854898569662872e-09
19	491	4.6815787753982855e-11
20	9419	9.599289337017798e-09
21	2904	1.2338199820507247e-08
22	64130	1.2514279688776663e-10
23	320	3.4834459454312072e-09
24	55327	2.714033235837199e-10
25	2898	5.8371023615238195e-09
26	10369	2.8055008270398825e-08
27	10207	7.506451926395285e-09
28	2903	8.011238366396415e-10
29	9229	9.090189057511244e-10
30	85461	8.433005638357833e-10
31	6331	2.1631678488351513e-09
32	2905	3.321673616435926e-09
33	2902	4.961950878334413e-09
34	116443	2.072252602229884e-11
35	22866	1.2123980937770604e-08
36	6640	1.601120906804454e-08
37	6329	7.25182826870963e-11
38	23095	2.985827682924761e-10
39	19	1.3430562925636707e-08
40	57555	2.7410063048358923e-08
41	90627	3.5499697085041e-08
42	3603	5.361989119071589e-08
43	3766	7.197872705001346e-09
44	6641	1.0580146789325222e-07
45	6300	2.3412632620412172e-08
46	5998	5.271641260076438e-08
47	116444	1.270084749271586e-07
48	54910	2.11160494624146e-07
49	815	4.985862267997207e-07
50	8831	7.1684779037647994e-09
51	22839	5.436665657920966e-09
52	2906	5.264503956027708e-10
53	57554	6.025637598284937e-07
54	5071	7.486930454284088e-07
55	6645	9.355454768200514e-07
56	2066	1.3558949231784673e-07
57	7402	2.921779449539313e-07
58	1756	1.894942485106634e-08
59	1837	4.771095323043142e-09
60	2977	1.5191734898780145e-06
61	3358	2.2244561164786597e-06
62	8777	1.0452451459161349e-06
63	1821	2.39280897857503e-06
64	9615	2.48007038495478e-06
65	54221	2.569420980746341e-06
66	1838	1.0809983057738578e-07
67	54212	3.61388421899351e-07
68	146	2.7576763663868743e-08
69	58512	3.3247275277505996e-06
70	22941	6.332118751796915e-07
71	9228	2.005421393742844e-07
72	85358	1.1830967967447114e-07
73	2534	6.745228909365833e-07
74	1398	8.359159024559687e-07
75	2185	7.537963833573574e-08
76	6714	9.994285327222926e-08
77	9743	5.312318283055466e-09
78	1605	4.7555362805280815e-08
79	57716	1.0260691211352892e-07
80	8506	1.3015959511310456e-07
81	4690	2.0632804881938137e-08
82	2151	4.733429800534105e-08
83	25	1.223011362943444e-08
84	80831	5.715964192907545e-10
85	4007	1.5894124332889703e-09
86	56955	1.6670100915347143e-09
87	5295	1.1530660964112794e-09
88	128853	7.191993109104671e-12
89	83747	7.60593060667892e-12
90	5335	1.3506520151487663e-11
91	64714	1.871862939448773e-12
92	50807	1.273036034303494e-11
93	9784	1.6901204892141625e-11
94	10278	3.294202330028041e-11
95	2885	4.013264437049894e-11
96	1795	3.9327986194422554e-13
97	445815	4.2355556583500475e-13
98	9749	4.4604524189704397e-13
99	9793	1.2868614217864672e-12
100	27	2.6631264224654432e-12
101	9472	3.4495590720816207e-12
102	29998	3.794727134640433e-12
103	2137	3.987420866345206e-12
104	79890	8.819776144812487e-12
105	9826	1.4581308552706733e-11
106	81875	1.831658870449874e-11
107	11217	1.921491282695272e-11
108	2048	3.208427470408755e-11
109	6237	1.2052829764744468e-11
110	5747	5.492298485050835e-11
111	58480	2.3183770108831164e-11
112	2065	4.329501416613119e-11
113	9564	6.593484973421347e-11
114	23607	4.841817955006106e-11
115	6654	1.906846346257192e-11
116	867	2.4927051178403227e-11
117	2889	1.8648903244410847e-12
118	1399	6.055794817748932e-13
119	6655	1.831996815620052e-14
120	10006	3.6355395953530044e-13
121	3055	1.4383098304903932e-12
122	6464	2.377174107215668e-12
123	11184	4.496167103368447e-14
124	4067	2.896099608628698e-14
125	5921	2.116339401395141e-14
126	613	6.268563219351701e-15
127	9846	1.6980936002079413e-15
128	6850	6.804756101139315e-15
129	2064	7.839360929848093e-15
130	29760	5.3342886384281765e-16
131	868	3.027230246271576e-16
132	7409	7.255529784552651e-16
133	3937	2.435364839669643e-17
134	7535	2.831011974993678e-17
135	55824	4.604275369946754e-18
136	1956	6.27937642664424e-17
137	5781	4.1522810087178085e-17
138	5777	1.2053224857111048e-17
139	3815	1.890345711067443e-18
140	1796	2.3938780343636847e-18
141	5159	3.8429821827044464e-18
142	3717	2.4186862710350202e-18
143	7525	9.084981769175375e-19
144	5336	2.4500163173676183e-17
145	2057	3.534535329857603e-18
146	3932	8.165704771314039e-18
147	27040	2.7214065637090206e-18
148	6452	3.0981700457091733e-18
149	10451	3.3313727821038763e-18
150	30011	5.9670841517682205e-18
151	7410	8.36877789638398e-18
152	1445	1.6009459198922917e-17
153	5829	1.830936473389288e-18
154	2549	1.5250156183040418e-18
155	5782	2.2757403220360093e-18
156	4739	2.7906868731589764e-18
157	5788	1.3236227233363241e-17
158	3643	1.3816069944022912e-18
159	5795	3.629963787241334e-19
160	4914	8.379066610627556e-20
161	4233	2.9781198283068686e-18
162	5793	3.566892060801702e-18
163	7006	8.299123327979993e-19
164	7454	8.522619283446594e-19
165	5800	1.1091062336158014e-19
166	5787	1.425421335415061e-19
167	3702	2.5113543080904603e-19
168	10603	5.304791680844308e-18
169	1000	6.327528203792756e-17
170	26191	4.4985000942462063e-17
171	2690	7.340008730098285e-17
172	6777	4.393012411291262e-18
173	6776	2.939014153097348e-19
174	5770	2.533567936201633e-19
175	8651	8.187594667548195e-18
176	3716	4.736391988083089e-18
177	3480	3.044156286201765e-19
178	5296	4.140901755389134e-18
179	3667	6.418452237140517e-19
180	2887	2.2889547553467004e-19
181	1436	1.8123957596176025e-18
182	9021	1.3735613758963116e-18
183	8660	1.2965055650829764e-19
184	3560	3.1056891736112665e-18
185	3718	1.0823485346835553e-18
186	3635	4.848413103321016e-19
187	10657	7.457721113990972e-19
188	6461	2.750733498440486e-18
189	5156	7.886627324020227e-19
190	6774	4.862491151669215e-19
191	2268	1.5724586452410462e-18
192	695	4.452429014357314e-18
193	100124696	4.0197394206592646e-19
194	2321	7.424547672392741e-18
195	3791	2.2475863554672173e-19
196	1439	4.07561474283852e-19
197	660	8.915516968821455e-18
198	7297	1.8823149882554844e-17
199	3572	7.764748496155077e-19
200	6772	7.480475079607095e-18
