#rank	DIAMOnD_node	p_hyper
1	388552	3.551352866774202e-11
2	55330	2.567532970542128e-13
3	63915	1.2660530542976836e-15
4	11234	7.679121734715331e-18
5	2647	4.5057296440169066e-20
6	282991	3.5135990976010263e-22
7	23557	2.1656445153809834e-21
8	10947	3.7645718273639907e-22
9	10239	3.2739887567494063e-24
10	1176	1.1396056127956172e-26
11	8120	2.6927424011986848e-28
12	26985	1.276982304126483e-29
13	8943	2.5360513717663723e-31
14	928	1.791628204073537e-08
15	2811	4.7417214324540484e-09
16	961	5.499621387913062e-09
17	7781	3.915722984807892e-07
18	7057	9.173403480119565e-06
19	3688	7.199407324419261e-07
20	3675	2.6085941549919655e-07
21	7106	9.599289337017798e-09
22	7052	5.127341016383606e-07
23	3673	6.583568257679517e-07
24	1278	1.2420239728263781e-06
25	2335	8.023863586380516e-08
26	1277	2.1706662159385953e-09
27	7450	1.280737236947127e-09
28	3678	1.9666121372256016e-09
29	4318	3.834807918811129e-09
30	6678	1.1764190274082085e-08
31	1293	1.3157468947574493e-08
32	80781	6.660193033912482e-08
33	4856	2.9436555449872053e-07
34	3685	5.862327448281939e-08
35	27329	6.648709672986486e-08
36	3386	1.9422863978228752e-07
37	3676	1.5700383453632133e-07
38	2515	3.1182396888805257e-07
39	1490	3.3529162953603354e-07
40	3339	1.7044424866703094e-07
41	2192	3.266957575702008e-08
42	4811	1.306681786204675e-09
43	1305	6.748818785552683e-09
44	5549	1.6734547043723985e-08
45	2199	1.0046826896274503e-09
46	284217	5.980287790325578e-10
47	3672	2.1247414563550375e-09
48	550	2.4218937641835682e-08
49	3684	4.6833109269398576e-08
50	967	2.807375723106372e-08
51	3732	2.2018358196274687e-08
52	975	4.768165280453169e-10
53	5738	4.1227229470684456e-09
54	977	2.069929600377049e-09
55	3655	1.444770689963513e-10
56	963	1.514720713752605e-08
57	1285	1.3755319842917734e-07
58	164656	1.9279864192189883e-07
59	22795	2.3361164574588114e-07
60	3915	8.50551913668929e-09
61	1282	1.4130261378830326e-08
62	7045	3.4955340663482594e-09
63	1286	1.587768928554941e-08
64	1634	5.542005529790185e-10
65	1280	1.2460750759179085e-09
66	7040	2.37944565621441e-09
67	4313	5.1283968675564945e-09
68	1294	8.13386568759475e-10
69	7058	9.239397820442762e-09
70	4147	3.571789842656409e-08
71	1287	3.075612901659034e-09
72	1288	8.191878215179313e-11
73	22918	3.0120204593327745e-11
74	1284	2.9973835953710805e-10
75	3026	7.77523846335572e-13
76	5270	9.836760234970452e-12
77	5008	5.6985152507323397e-11
78	5653	2.2273072095523382e-10
79	6288	4.237052306366209e-10
80	351	6.305521409215139e-10
81	633	1.2269747968173203e-09
82	2006	1.1696167996079038e-08
83	3918	1.1562891169160729e-07
84	2923	8.087995303380353e-09
85	2200	1.5819526977885666e-07
86	4237	1.877903419969526e-08
87	811	1.4308689993392632e-07
88	3914	2.783097833067479e-07
89	649	6.295596201062163e-08
90	2201	2.996696253866338e-07
91	4052	4.488541600572625e-09
92	1289	5.762568948762778e-07
93	4099	2.285759816053056e-07
94	1690	6.094054975433915e-07
95	1101	6.257288590846304e-07
96	651	6.423411296798436e-07
97	3912	1.7745360675466035e-06
98	1291	2.001479061851295e-07
99	3959	7.260808582585912e-07
100	2252	1.963739528573624e-06
101	1281	1.30095521647739e-06
102	1462	2.187763996207061e-06
103	8076	3.0469989430522487e-06
104	4035	3.4027436957457264e-06
105	5155	1.8645761425481447e-07
106	7076	3.5538413508976673e-06
107	4653	1.2128335253469093e-06
108	3679	5.51342357726527e-07
109	3693	4.371262441041489e-06
110	3491	4.287698013126106e-08
111	8754	2.357092503540201e-07
112	5029	6.238575009646425e-07
113	6696	4.15149665867094e-06
114	4316	7.349760028833186e-07
115	960	1.9191263499116394e-07
116	1839	7.681901191573827e-08
117	1404	3.65030306094157e-07
118	176	4.4088812039733525e-07
119	4312	1.0069371204558943e-07
120	3486	5.81858162669503e-07
121	4314	4.32105995729801e-08
122	63827	5.611719927609279e-08
123	5340	6.220410856760434e-08
124	2147	3.454531916547591e-07
125	3827	1.1540347373931646e-08
126	5327	1.2105492721342393e-08
127	3911	7.490868705397832e-09
128	2243	6.054466793978974e-08
129	2244	1.2881296055202386e-08
130	1511	3.513179730008146e-07
131	5054	9.077637862027593e-07
132	5328	9.385795182566355e-08
133	5329	9.248602462901125e-09
134	7448	6.086080743735822e-09
135	2266	2.419377713106139e-08
136	5104	1.793086568725661e-09
137	3488	4.008207738067301e-08
138	5345	5.993890487599066e-07
139	2160	1.2340394906604384e-08
140	1991	5.082866832850579e-08
141	6387	1.7872098149898463e-07
142	7035	2.966016991973747e-07
143	2162	4.7104819631940527e-07
144	4982	7.5140477098969e-07
145	53353	7.699332818234566e-07
146	2149	1.102722372225636e-06
147	5118	1.932028611682764e-06
148	4319	1.9671564046222887e-06
149	2157	2.3152344190848133e-06
150	7422	3.2013917453979018e-06
151	2159	3.2949130586043366e-06
152	2153	2.4850537120794594e-07
153	5269	4.02957915231323e-07
154	5624	1.2501996792894475e-08
155	5627	2.708624137532764e-07
156	12	3.795302070149548e-06
157	3817	4.607769335721227e-07
158	462	4.5177349640362264e-07
159	4224	5.437803885704918e-06
160	3694	6.34000286210051e-06
161	821	7.692602980109564e-06
162	5354	4.939028494691531e-07
163	4018	4.105871134145335e-06
164	4321	1.7389026270564094e-07
165	2161	7.06795334845439e-06
166	3818	2.460265813176786e-06
167	3082	1.3804781241320425e-06
168	4323	3.9912365286018215e-06
169	3696	3.9172333701286634e-08
170	4322	6.717802871863446e-08
171	7078	6.896644740470181e-08
172	6382	2.2604989179860437e-06
173	90070	4.262366081914959e-08
174	6354	4.556621280608133e-06
175	3934	1.2202257633232986e-05
176	8516	1.239122498332545e-05
177	6383	1.3002954907146147e-05
178	5196	2.955160993906642e-07
179	3909	5.160488869582881e-06
180	2247	8.365609773794106e-06
181	2150	1.5245478842401996e-05
182	710	1.5546873707065193e-05
183	3481	1.6634257510656967e-05
184	3485	1.7989326078175222e-06
185	7018	3.140213978866955e-06
186	3053	9.774800382046853e-07
187	3479	2.2775579292032457e-06
188	3483	1.4812422741477022e-05
189	3490	1.7781577244818498e-05
190	354	1.95924087396309e-05
191	5858	8.931988131550433e-07
192	7042	1.2147458079377396e-06
193	5265	1.2485768001589048e-06
194	5657	1.8116292395295536e-06
195	4054	2.2183937589813006e-06
196	7043	7.704380056533072e-07
197	9507	2.301857091757511e-06
198	2331	4.3159363264529054e-06
199	5275	4.713725249062436e-06
200	1514	9.847438109249199e-06
