#rank	DIAMOnD_node	p_hyper
1	5998	0.0002451937665810986
2	23426	0.0004659638869128349
3	56850	8.364413650793591e-05
4	1947	0.0001552488523036984
5	9463	3.13442481604313e-05
6	2891	2.7569797819436348e-06
7	2898	2.1700893719827153e-08
8	2895	8.503896939602304e-07
9	2901	7.339154157592727e-07
10	2899	5.1172852470235784e-08
11	6386	5.513226240976077e-07
12	2892	5.570198923063521e-09
13	1948	6.326815804135535e-08
14	1742	9.9675081306018e-08
15	2897	2.701997632843201e-10
16	2893	1.482684549922096e-07
17	10369	4.977785279500623e-09
18	1741	2.2042329490445516e-07
19	1739	4.367457056565327e-08
20	27165	7.32877973579029e-09
21	1740	1.187003365734751e-09
22	3759	3.169406043597694e-10
23	22866	1.4067815718933475e-09
24	9419	7.003171312287267e-09
25	10207	2.037850879709152e-09
26	2903	2.2285250463405755e-10
27	6300	7.411142253276284e-10
28	3739	1.461354972061083e-09
29	8573	1.0620591509114813e-10
30	9229	4.0741811262319805e-10
31	85461	4.399271104808683e-10
32	3761	7.654334410064358e-10
33	8825	7.198573012093872e-11
34	3768	1.8949059666865687e-11
35	6640	9.873077803334771e-11
36	6329	3.358280948300118e-11
37	23095	1.202708791600802e-10
38	64130	3.367364607262112e-10
39	2904	2.3695725008311036e-11
40	2905	3.5869755300005055e-09
41	493	1.1051178148372427e-08
42	491	2.7041149244016794e-10
43	320	1.3278088411942443e-08
44	55327	1.0120861244810781e-09
45	19	1.2111692267244269e-08
46	6641	3.861452318731867e-10
47	57555	2.7410063048358923e-08
48	54910	1.366602214790276e-07
49	815	2.392953757088699e-07
50	2902	1.678617760913013e-08
51	8831	4.563150282090177e-09
52	22839	3.1874352430726883e-09
53	2906	1.54537425228019e-08
54	2048	2.0337694711943714e-08
55	116443	2.274867845041199e-08
56	88	3.5511079341196235e-08
57	3603	1.108292455915059e-07
58	3766	1.1643441128222149e-08
59	116444	1.5762269747325297e-07
60	3738	1.7922514644954653e-07
61	3736	1.8925391192168983e-07
62	3737	7.648289138953477e-08
63	3741	3.5558917549251524e-08
64	5578	3.5822607570077566e-07
65	4842	1.5949126475552182e-08
66	6714	2.9726276714973815e-07
67	58512	3.031478191420629e-08
68	85358	6.2673652197126e-08
69	9228	1.754238354722177e-09
70	22941	8.410041540627444e-09
71	57554	1.1576280466407844e-08
72	90627	1.865088835834478e-07
73	5566	2.6881169874442115e-07
74	9495	8.954608559085333e-08
75	2534	3.528818055625431e-07
76	4133	3.835354541648314e-07
77	9311	4.1375208713772704e-07
78	1398	6.185647171663098e-07
79	2185	5.870136259515552e-08
80	2042	9.067672502442725e-08
81	8506	9.564221136810534e-08
82	9743	1.634637543505312e-07
83	5335	1.7024293297299552e-07
84	2316	2.1866027017787858e-08
85	5295	3.2894590981226074e-09
86	2137	4.459493957954704e-10
87	25	9.60767136854172e-10
88	56955	4.7866858548182415e-12
89	128853	5.0821115314447654e-12
90	83747	5.392562994073512e-12
91	4690	2.944357170372992e-11
92	64714	1.261679354245438e-12
93	80831	1.6155481633089451e-12
94	2151	6.16865181413235e-12
95	2885	7.1894988060504874e-12
96	9784	1.019322921330509e-13
97	50807	2.2513225118679928e-13
98	1795	2.8756773045132305e-13
99	445815	3.247624306229694e-13
100	9749	3.4280478787979525e-13
101	10278	5.328010615825203e-13
102	9793	1.0097351346504067e-12
103	27	1.957580257556843e-12
104	2066	2.3279120934016715e-12
105	2064	7.456448713764485e-13
106	5747	1.1206460192104958e-12
107	2065	5.854382984376877e-13
108	9564	9.422973789239871e-13
109	9472	3.6565123572827355e-12
110	29998	3.987420866345206e-12
111	6654	6.967310073170886e-12
112	6237	1.205706761911346e-13
113	23607	6.462891643725468e-13
114	867	6.115940521147239e-13
115	1399	2.4550489753308495e-13
116	2889	1.5834215682081276e-14
117	6655	8.691636618178816e-15
118	6464	3.136177255759988e-15
119	1956	4.441868313992447e-15
120	11184	2.7634719773292174e-16
121	4067	4.922040069022478e-16
122	6850	6.62749199979185e-17
123	29760	1.6143723512747013e-16
124	5921	3.7510228916215937e-16
125	5159	1.8860768566745314e-16
126	5781	7.089293884120962e-17
127	9846	2.045685113752546e-17
128	5777	3.1754339386340103e-17
129	613	4.119638410639909e-18
130	7409	1.0117102013115463e-17
131	55824	2.0120728409842887e-18
132	3937	2.1942970467225035e-19
133	7535	6.824053620867222e-21
134	868	4.19700052362135e-18
135	10006	5.356912119241369e-19
136	3055	3.0352699573425963e-20
137	3932	6.002791554775087e-19
138	3815	2.2090722872713253e-20
139	1796	1.7803444569563555e-20
140	5336	2.849313453707959e-19
141	3717	3.8001715413852284e-20
142	7525	3.808084848733539e-19
143	27040	1.0296891101675627e-18
144	6452	1.036717998473787e-20
145	10451	1.1283924594123546e-20
146	30011	1.890345711067443e-18
147	2057	2.2113729286000255e-18
148	7410	4.006430835011426e-18
149	1445	6.0809320965644914e-18
150	5829	5.529368483384957e-19
151	2549	6.183674841359689e-19
152	5782	2.3434762850511528e-20
153	3643	1.394604407714143e-20
154	5795	2.009507002793773e-21
155	5788	6.737321019514921e-21
156	4233	2.6086569586189883e-20
157	4914	3.1176086668019774e-20
158	7006	2.9507722255048327e-19
159	5793	1.906660804811186e-20
160	7454	2.6192586601599827e-19
161	5800	4.620258543576584e-20
162	5787	5.285483434371151e-20
163	3702	9.954545323780459e-20
164	6776	2.0304065488378404e-18
165	6777	1.292630656151469e-18
166	5770	5.4166946156870065e-20
167	2690	1.1707938937405429e-20
168	1000	7.020732901247687e-19
169	26191	1.8181631734032648e-19
170	3480	2.6239139074743427e-18
171	8651	8.259842601612912e-20
172	3716	6.238561131731011e-20
173	10603	3.8114386608916004e-20
174	5156	1.4527640504367009e-19
175	3667	1.9467848449594103e-19
176	5296	6.168936590297001e-20
177	2887	1.0477848485153277e-19
178	695	5.572297741266434e-19
179	100124696	9.182218507272959e-20
180	10657	2.0980839866967416e-19
181	6774	1.0681136942721348e-18
182	1439	8.601421124887113e-20
183	5979	1.2451935881257522e-18
184	1436	1.4183037695220174e-18
185	9021	1.0140530577972789e-18
186	3560	3.2992579735335526e-20
187	3718	1.625541832868514e-20
188	8660	2.5689888680741955e-21
189	6461	1.2916135613079917e-20
190	3791	8.38692975278058e-20
191	2321	4.5413702267671587e-20
192	10818	1.0917081573932176e-19
193	7297	1.758007787857267e-19
194	3572	3.1259181857116547e-19
195	857	4.073845829596473e-19
196	660	6.411501704947521e-20
197	3635	6.863209205877567e-19
198	2268	1.5724586452410462e-18
199	1499	1.9541326940370188e-18
200	5175	1.6232454685343604e-18
