#rank	DIAMOnD_node	p_hyper
1	1601	5.500875137509969e-08
2	130497	8.781365348292521e-07
3	338567	1.024492623967467e-06
4	7042	2.014731813910223e-06
5	9392	3.101744782816016e-07
6	94	2.0566012529142693e-07
7	7043	1.1445145429345452e-09
8	2022	1.4358902794041115e-11
9	7040	1.5462913611372754e-10
10	7049	2.6674432361968707e-12
11	2331	3.902806516637718e-09
12	1490	6.666254848882467e-09
13	114990	1.0222474711879274e-07
14	4054	2.0300184300166124e-07
15	343521	3.658902228455213e-06
16	58533	7.029360582582983e-06
17	93	9.096168720040333e-08
18	91	8.545840124535902e-08
19	92	8.07273007704124e-10
20	3624	1.4329385171343564e-10
21	90	1.4385097606340512e-10
22	3626	4.0576344976285155e-13
23	3625	1.4442995494531266e-14
24	3547	5.1600235546727995e-12
25	3623	6.69560119817024e-10
26	130399	7.506286133373786e-10
27	10220	8.388369348465401e-10
28	650	1.854898569662872e-09
29	655	9.551145793492728e-09
30	11167	5.398984800730311e-08
31	23181	7.83683553909877e-09
32	10468	4.5606676958805015e-08
33	659	4.778946023178224e-07
34	657	6.817782648148263e-09
35	8200	2.1743105884757256e-11
36	658	1.8073000709319638e-09
37	654	1.215214784503175e-10
38	25884	1.136761270470504e-11
39	652	2.450283711644817e-11
40	25928	9.47819271814944e-10
41	51285	1.4250493144624249e-08
42	4086	7.42877705357396e-09
43	392255	1.1992583082613753e-09
44	23551	2.890002850360759e-09
45	23682	4.1648657283356805e-09
46	4089	5.376991905789644e-09
47	121268	5.923467310238759e-10
48	4092	1.9864051731972116e-09
49	4087	2.626675763282628e-10
50	117583	2.1098412770517156e-10
51	4091	5.565029272589028e-10
52	64750	4.425109734062171e-11
53	29984	4.369914732460115e-12
54	57154	4.5488649627560026e-10
55	8878	1.416838184900496e-10
56	9459	1.608589238051604e-09
57	5058	1.3322043530816681e-09
58	57381	7.867402887241941e-10
59	55827	2.659229702095395e-09
60	84085	3.6807740561786495e-09
61	83871	3.897055248282541e-09
62	140901	4.1227229470684456e-09
63	4090	7.468415464371564e-09
64	7554	3.05026274540645e-10
65	860	2.3694989352343606e-09
66	10273	3.774194619546278e-10
67	864	4.087568624026091e-09
68	29068	7.977930750771772e-09
69	28512	1.7882443033954467e-08
70	11171	2.1943186938443403e-08
71	51176	2.3760748503515406e-08
72	57111	3.4305301857501595e-08
73	51588	3.734540175401189e-08
74	79674	5.312670874858669e-08
75	58473	5.570817504588053e-08
76	1855	7.542338921030005e-08
77	8312	4.512244159303042e-08
78	10140	1.2391512823635228e-07
79	51560	1.3327451939368033e-07
80	64718	3.0787821407386806e-07
81	55761	3.1825613140221946e-07
82	168667	3.2886466911559887e-07
83	81788	4.715766095960645e-07
84	54440	4.921271510875002e-07
85	22800	8.270695815459593e-07
86	7738	1.4867156712899511e-06
87	145258	1.5335778120218575e-06
88	5872	1.5814126318003409e-06
89	9241	1.6302300462158077e-06
90	653	3.1059029798458994e-09
91	5218	2.1918962240096697e-06
92	54778	2.56085806852494e-06
93	55914	3.203475152169397e-06
94	9372	1.1458299240167747e-06
95	1499	2.0715095214943073e-07
96	5865	3.6934830060706708e-06
97	9943	3.8332284265169455e-06
98	9306	3.976857853806007e-06
99	79753	6.89686101667237e-06
100	10691	3.0740292872931e-06
101	2033	4.601121422440546e-06
102	163126	1.6808657573645365e-07
103	861	4.010446444182335e-06
104	10413	9.357606640539066e-07
105	28996	7.009901513111454e-06
106	6497	1.7789377325260607e-06
107	2737	2.8384581071156595e-07
108	5371	7.187606596376568e-07
109	1387	1.6500163299784698e-07
110	1616	7.382515971435211e-08
111	7161	1.0446004781037424e-06
112	6996	1.3798304355911302e-07
113	6498	1.768465300314298e-07
114	51523	1.0898355764119404e-07
115	367	6.887994885303046e-07
116	10401	1.0369755496090983e-07
117	7329	4.023311959787753e-07
118	8554	4.974447940418411e-08
119	4152	5.0319012186049734e-08
120	10114	3.25192994580274e-08
121	2752	4.042255733585574e-08
122	204851	4.039001536776259e-08
123	3065	5.169402889112381e-08
124	9611	8.616238518264358e-08
125	6935	1.1690058439634733e-07
126	9839	1.2211247566065373e-07
127	1487	1.6480976228788403e-08
128	7050	1.136461134183514e-08
129	8841	2.95720113555127e-08
130	3725	2.2717884560140656e-08
131	8202	1.71696545081089e-08
132	51592	6.386644980483866e-10
133	7341	7.532018177926234e-09
134	7750	1.943537320735162e-09
135	8521	8.029626084386964e-09
136	1386	1.6665977861719064e-08
137	6597	2.1030407087712963e-08
138	6599	3.3512742200976523e-09
139	57492	7.493750685835564e-10
140	6601	2.1827486160201708e-10
141	672	1.1321203501014441e-10
142	3066	1.613516642064279e-11
143	2099	2.4912920797177137e-11
144	25942	2.7573957771402145e-11
145	9612	2.2662765931747098e-11
146	6667	3.843239023861831e-12
147	7421	1.2222484046498459e-11
148	7157	3.040373299000634e-12
149	10499	3.2842496417493206e-13
150	51341	4.65271576554872e-13
151	3622	6.933600641575408e-13
152	6598	1.3030239653353022e-11
153	8289	8.413965917838323e-13
154	6603	4.100294944277393e-13
155	6605	8.794865040325794e-14
156	6602	4.918459830436082e-15
157	6595	5.199270512351385e-16
158	7155	1.94339073991434e-16
159	6604	2.6635267478988723e-16
160	5928	5.372297060344991e-17
161	86	4.426517594427296e-17
162	51742	8.98623845182697e-18
163	3621	5.546861865210397e-19
164	8819	5.636314217247554e-20
165	5931	2.0452626873920776e-19
166	9219	6.10033385128392e-19
167	8932	6.360955745972145e-20
168	1108	2.3926266090614182e-20
169	5977	1.5758455773432014e-20
170	57459	1.6052328552943739e-21
171	53615	5.835384931597321e-22
172	1107	9.867538300746474e-21
173	23186	1.751848932715897e-21
174	23028	2.043414724872187e-21
175	6908	2.6794757132616507e-22
176	10284	1.3247330380670907e-23
177	8189	3.6538152402966403e-20
178	4297	2.5930876657554725e-21
179	53981	6.845569387515748e-23
180	6878	2.431953601906521e-23
181	6880	2.3418684735860324e-24
182	5929	1.9012809048941746e-25
183	6883	1.0038194213744151e-25
184	6872	3.5481880544547e-27
185	5901	3.1588783097290815e-26
186	11091	7.310376058307155e-26
187	8467	2.61415980538472e-25
188	2959	1.385316066635498e-19
189	9343	4.456160075636017e-18
190	23309	5.783106590391119e-18
191	4204	2.760078215650645e-19
192	9112	3.77768031469768e-18
193	9203	3.14607941739534e-19
194	51317	1.7101449286006684e-19
195	85509	6.248849878828565e-19
196	23199	1.8489154078139395e-18
197	2969	1.3446643766021486e-19
198	3360	1.4246303738270726e-20
199	10362	7.770391954588439e-19
200	7764	2.3474502178771145e-17
