#rank	DIAMOnD_node	p_hyper
1	148	2.59187740363975e-06
2	2921	1.0650220024980462e-05
3	6372	3.33648141380568e-05
4	51561	6.960578620190666e-05
5	3594	8.157802337223558e-07
6	3595	0.00012611760946872844
7	3592	4.6450321730116424e-07
8	2919	0.00013692165239121576
9	6374	0.00014248886602191154
10	2920	0.00022169375367400105
11	4318	0.0004192315490494291
12	3576	2.2169533245725693e-05
13	2532	3.6691271212085333e-06
14	51207	0.00047764226180762654
15	9630	0.0006345041063328552
16	5218	0.0014075160052450873
17	9070	0.0024710304391866974
18	23067	0.0004124340138572357
19	80335	7.512784161863406e-06
20	30827	2.9403990022922555e-07
21	5929	9.85210247263878e-07
22	9739	1.0739228652377e-07
23	11091	4.5956761589831297e-07
24	63925	1.8975479061028893e-08
25	8085	2.658874268163211e-06
26	80209	1.9900318124199177e-07
27	7403	3.998288097849202e-09
28	23528	8.127742894237645e-11
29	55728	2.728845048328151e-12
30	55291	5.80861027233644e-14
31	22976	1.6920468662445472e-14
32	23054	7.907383395168095e-15
33	58508	1.6925149721898634e-16
34	79447	1.3504778912353909e-10
35	84332	8.45546498611858e-13
36	9757	1.3006228323563979e-09
37	4221	1.5649533169379502e-06
38	84661	5.5309425177825226e-08
39	29915	8.696653517087989e-08
40	3054	6.00166438465356e-08
41	3053	1.0257093739991073e-08
42	4297	3.0250292666630373e-09
43	51096	5.164953342789024e-10
44	430	1.9858064082318628e-07
45	5431	3.940830888001552e-06
46	4602	5.03690716763229e-06
47	8819	8.887707553770627e-06
48	64426	9.007925993156616e-07
49	8473	5.636176802050461e-07
50	23309	3.4631636112952325e-08
51	5931	9.513314402197132e-09
52	25942	1.0365927700741602e-08
53	3308	7.463163392860122e-10
54	5928	8.853012296873448e-11
55	3066	1.5763346464765934e-11
56	3065	5.212428917862025e-11
57	3622	8.129891802260856e-13
58	5926	9.24602420286146e-14
59	84312	8.973693763778586e-15
60	25855	1.0860005592321157e-15
61	79595	3.990937431645505e-17
62	5947	5.039627622455541e-15
63	51742	3.763495993071333e-14
64	3621	8.370819206795303e-14
65	10284	2.2784182949826742e-14
66	8189	4.1683267870408483e-13
67	53981	2.2621811410968446e-14
68	6598	1.7488197729508454e-15
69	23028	1.2516264646613235e-16
70	9219	4.364885110591027e-18
71	53615	1.864835420565847e-19
72	6878	8.64856034158673e-21
73	6883	6.794782585520107e-22
74	6872	8.849545608320692e-23
75	6595	1.9887411807501546e-23
76	6601	1.8540987149612134e-24
77	6599	1.228910005765038e-25
78	6880	1.7780271285133492e-26
79	8467	4.497741363456784e-25
80	1107	2.6477646204918806e-25
81	6908	2.3883202893827274e-26
82	5901	2.097296342882613e-25
83	9343	1.1179697145350789e-23
84	8289	4.377332262263255e-19
85	8932	1.6453416793177282e-20
86	1108	2.385379155923114e-21
87	86	2.244752477381609e-19
88	6597	4.049670403937697e-20
89	6603	5.1117484339241565e-21
90	5977	1.7501254989499154e-22
91	57459	6.931986719061014e-24
92	6602	3.801966120570311e-21
93	6605	8.22973331290162e-21
94	6604	2.846240548677794e-21
95	23186	2.314244950074037e-20
96	54815	9.828524092846632e-18
97	85509	1.1128901778019613e-17
98	9112	1.0944644904804299e-17
99	9203	3.3059324766348e-19
100	51317	3.804158236665028e-18
101	23199	4.340586341217575e-19
102	7750	1.2215174729455243e-18
103	3360	6.084674741101059e-20
104	2969	2.166000518277214e-19
105	10362	2.858320245406612e-20
106	57504	4.292968499878381e-16
107	10735	1.9037990267544204e-15
108	11177	1.6049461573270656e-16
109	10274	6.9030535122552995e-18
110	5885	1.900433488006822e-18
111	8243	6.169286194331355e-16
112	9126	2.5641434260179572e-17
113	55193	2.849436361333507e-15
114	55636	2.24382813291829e-15
115	196528	2.9620507602537776e-17
116	51412	3.0291540528920903e-15
117	60	1.5218545197622545e-15
118	57492	2.5669534005067747e-16
119	4298	9.021614183366312e-16
120	7044	4.627930926913019e-18
121	7155	3.5413238494167508e-15
122	9031	2.2755915427005202e-15
123	2099	2.4768452220303023e-14
124	54760	1.9018950539651908e-13
125	2960	1.387200468700343e-13
126	2959	1.201590346642693e-14
127	10589	3.757079978029094e-16
128	9412	1.0213549782793016e-16
129	892	1.5567866150429761e-16
130	2965	6.597831664428776e-18
131	1024	6.483596741783165e-19
132	2962	2.8084968242873836e-20
133	672	5.102380555950232e-16
134	5430	1.7730141975491912e-16
135	2967	1.4766118059125317e-17
136	1387	3.391435914565805e-17
137	2071	4.551006762406958e-16
138	1487	1.1072278607696613e-15
139	8850	1.176388951426526e-16
140	7421	1.429877477084283e-14
141	2033	1.4384873796054888e-14
142	6304	1.4654582599139442e-15
143	6667	6.80691136950599e-15
144	367	1.6315200784099987e-14
145	8841	1.5706655620204137e-15
146	5925	4.877386854441361e-15
147	7764	2.233462721904441e-14
148	10498	2.368239731505881e-14
149	8290	3.750764323095171e-14
150	8202	4.07217878111972e-14
151	9611	6.6029789449704296e-15
152	4204	1.451478154345805e-15
153	4088	1.3125183942893241e-14
154	4087	7.340254691423881e-15
155	4609	1.2293090894847957e-14
156	7157	1.897002043681382e-14
157	1051	5.464627042187112e-15
158	5970	3.337646499106917e-15
159	5371	4.646566941874126e-15
160	9612	1.1626316711435406e-14
161	7528	2.4500724705385483e-14
162	3320	4.161752499069742e-14
163	2908	1.3699388609447236e-14
164	51592	5.11369991333429e-14
165	57410	8.267315909192293e-14
166	5439	1.3672904326008443e-13
167	2068	6.095013653744595e-15
168	5440	1.380183408443018e-16
169	2966	8.41785299507846e-18
170	5438	2.856136589549368e-19
171	5435	1.6729882676857622e-19
172	2961	6.1625406390264336e-21
173	5433	3.8835211170516256e-22
174	5436	1.3917227980408154e-23
175	5432	7.791679203160982e-25
176	2968	1.6714897114451152e-26
177	5434	1.5012206273348475e-26
178	5437	1.627951532310394e-27
179	5441	4.503273818452537e-28
180	2963	3.0876899558025725e-29
181	26015	2.0200652104877378e-23
182	9150	5.6791912287192564e-21
183	1022	2.4701870408213263e-16
184	902	7.014707585477543e-18
185	4331	4.364403653558601e-19
186	404672	1.0714393340320159e-16
187	399511	1.1796728195931239e-16
188	9441	1.2144169779170485e-15
189	84246	3.147694128970582e-16
190	6917	1.9809379130689373e-15
191	11198	1.2139467400949565e-14
192	7067	2.4736853127293078e-14
193	3020	3.8822580728496134e-14
194	5469	6.699979427214044e-14
195	3516	4.949521813787222e-15
196	55588	5.97247093743415e-15
197	1025	6.489063655602006e-15
198	9440	7.844662091717591e-15
199	219541	7.002927535656583e-16
200	9862	5.325403648045967e-17
