#rank	DIAMOnD_node	p_hyper
1	2932	2.933157986005019e-07
2	7917	2.6021983771310307e-06
3	8148	1.8795691957203547e-06
4	7073	4.255584745711011e-06
5	9987	1.817544493516608e-05
6	54487	2.5520531361117494e-07
7	29102	2.4942630658288796e-09
8	1653	8.224631273491665e-11
9	11100	1.7732866231487318e-11
10	22913	1.1675392743131274e-10
11	3609	6.427990486375702e-11
12	2130	3.5431034946071876e-12
13	6732	1.2467344501477474e-13
14	10521	2.3693810121733077e-14
15	3187	3.395783790050092e-15
16	4670	2.3141387069963103e-15
17	1655	1.2427335677664135e-16
18	3608	1.564356355947561e-17
19	1665	1.2728832230584159e-18
20	1654	5.658721665367343e-20
21	3192	4.672359959530318e-21
22	8175	1.5253687560158072e-12
23	10236	1.207882088797701e-13
24	10250	3.818031778475704e-14
25	1660	8.648298196114724e-15
26	6629	5.6910242129663055e-15
27	6426	5.979830376396659e-16
28	9410	4.669764432255227e-17
29	24148	2.859820241859865e-18
30	5356	1.302867354953837e-19
31	51503	5.226349097088269e-21
32	9939	1.8195035359494993e-22
33	27339	9.715342102339624e-24
34	6634	4.888464430616866e-25
35	6632	1.3647511739597083e-26
36	6633	5.78161592717791e-28
37	6635	1.4574263853029305e-29
38	23398	5.471612242847075e-31
39	53938	1.3812920043611118e-32
40	60625	2.7281178665317484e-34
41	55094	3.31142453667248e-36
42	84292	5.473369960472084e-38
43	10283	6.191028048136743e-40
44	55596	1.4387498830850947e-41
45	27258	2.5295102856325595e-43
46	2483	3.619858981389961e-45
47	6636	3.3787751431305875e-46
48	220988	4.5472624169696145e-48
49	6637	2.2057339936958075e-49
50	57461	5.92156479387281e-51
51	1659	1.4262970313457033e-52
52	4116	2.5088371918428116e-54
53	5411	4.150768849807118e-56
54	9716	8.1448678731638e-58
55	25949	1.3971523893934874e-59
56	55696	3.183678542857117e-61
57	10450	5.294702260433244e-63
58	51362	8.63790000908542e-65
59	51340	1.3827902271825054e-66
60	58509	2.172722590652451e-68
61	57703	3.351677059168064e-70
62	51645	7.232781092917468e-72
63	8220	1.0858681032689165e-73
64	27316	1.6211185081062856e-75
65	51428	7.156446512705381e-77
66	9416	1.0475901939786407e-78
67	10569	2.2214754528374418e-80
68	56949	4.703214033200906e-82
69	9092	6.667765321829867e-84
70	8899	3.140442684498718e-85
71	10189	6.663524404380169e-87
72	23524	1.4125635268932237e-88
73	57819	7.123210082069921e-90
74	10946	1.4716158982546636e-91
75	6627	5.414032902734449e-93
76	10594	8.248332155578898e-95
77	10291	6.239415085197647e-96
78	23517	1.1414573739961072e-97
79	3181	5.397604178222879e-99
80	9785	2.579089411583413e-99
81	9343	6.780420217364239e-101
82	988	5.489411355222676e-101
83	6628	1.5903174861061435e-102
84	3190	3.401160922097441e-103
85	3185	1.3468590835986852e-104
86	22938	3.3210125441473433e-106
87	10492	5.458876679803818e-106
88	7307	1.1493295468969539e-105
89	23020	1.0169683777185715e-106
90	3178	3.687854259841124e-108
91	10992	9.41389475885653e-109
92	24144	2.564480738667514e-110
93	3183	3.045081797507352e-111
94	9775	1.987530569130367e-111
95	23451	8.459796163946377e-109
96	26986	1.8442379268725917e-108
97	23450	1.6651094343114168e-103
98	6626	6.19858386452618e-97
99	9879	4.408236725794209e-96
100	22826	1.6520075132711826e-97
101	23350	3.4962675698626832e-99
102	6432	4.222204698375317e-100
103	22827	8.728180594208692e-102
104	84991	3.5217722822677556e-103
105	10285	7.5834112173772e-105
106	10262	2.0704558042112008e-104
107	6427	3.1354441976496384e-106
108	10286	7.745401998393417e-108
109	6429	2.2041768445066867e-109
110	51690	3.3717684920954736e-110
111	7536	1.3579926255996283e-111
112	22916	2.3137195474217592e-113
113	58517	2.7098481544161707e-115
114	79228	2.409928202140493e-116
115	79002	1.9826245442490694e-118
116	8559	1.5923140802071502e-120
117	25804	2.672318141994349e-122
118	57187	2.287334251891309e-124
119	29105	1.7393018018084357e-126
120	94104	1.290503228892079e-128
121	84811	9.34066603887759e-131
122	84321	6.593552198807245e-133
123	23759	1.183083373478941e-134
124	11017	8.098590957140733e-137
125	1153	1.0368320051041138e-138
126	7756	9.616179369292614e-141
127	8563	6.221277048199798e-143
128	6431	4.827311342298314e-145
129	51747	8.809536462592161e-147
130	10465	1.2263652953909054e-148
131	51755	2.177481436291615e-150
132	8896	1.3177723322860644e-152
133	6434	1.2703643547820972e-154
134	6625	1.1447171670809894e-156
135	64783	7.824779278147073e-159
136	9984	4.348238324685795e-161
137	80145	7.627729801254315e-163
138	6430	9.657864974644221e-165
139	3550	7.193771575282898e-167
140	8683	3.748634315960259e-169
141	10421	1.9589610265780795e-170
142	8449	3.945189867060382e-172
143	6631	6.037222722902721e-174
144	5496	1.2466502818879619e-175
145	27336	6.371763787740591e-178
146	9295	3.165559595153255e-180
147	22985	5.6131942030946597e-182
148	4686	9.933528550450804e-183
149	10713	6.519184247588743e-185
150	10915	1.1099427363453437e-186
151	7919	6.787712829570938e-189
152	56259	3.8614911583685086e-190
153	51729	1.8724658776049932e-192
154	9128	8.823940670759305e-195
155	23013	3.234834407109821e-194
156	11052	1.9183298673066035e-196
157	9584	2.116039716542598e-194
158	25962	1.2119711100032736e-196
159	4236	8.047544038082766e-198
160	51639	1.6439740219952895e-198
161	9589	1.0569682406734696e-200
162	51593	7.090479901351715e-202
163	26121	1.0822295826189703e-200
164	10921	1.6044887029359736e-202
165	55660	1.7402826799970248e-204
166	11051	2.3956330186600633e-203
167	11338	4.2272355430189555e-201
168	4343	2.938826228296195e-202
169	10643	1.7442572308360354e-203
170	4809	5.5929722439341885e-205
171	9129	4.370229184319943e-200
172	10523	5.3665596957161095e-45
173	83443	1.8771376871646524e-43
174	11193	1.3492587726071685e-42
175	10131	4.9173670949837465e-42
176	84844	7.184951316551341e-41
177	10362	2.124342843965098e-40
178	140890	8.430716011933891e-35
179	6421	4.948788015418902e-35
180	3084	6.558970616120076e-34
181	3329	9.872034408267812e-33
182	4904	2.049880624288462e-32
183	8233	1.9109495186930104e-29
184	10081	5.557660315793744e-29
185	9733	1.0728723274473791e-28
186	154007	1.5055785798097898e-28
187	55954	4.4189591918392306e-30
188	85437	2.1404977530951642e-32
189	26823	8.093559603043154e-34
190	55599	8.367748829589897e-36
191	11066	2.438310743308661e-37
192	79622	2.1682784704917737e-37
193	26824	6.554897298801367e-40
194	22828	2.4178068813238423e-27
195	9689	1.3052305635551098e-28
196	8493	4.2069892762656115e-30
197	9814	9.011107865582702e-29
198	1778	4.4939209239851804e-30
199	7153	1.0525348014727682e-26
200	8487	1.3633124192193545e-25
