#rank	DIAMOnD_node	p_hyper
1	81037	0.0009753169780306318
2	1890	0.0020996582292475137
3	4860	0.0004715821027221345
4	9615	1.3481429558514366e-05
5	4837	0.0012754145097323643
6	6507	0.0026991552867289452
7	151531	0.004270616845957115
8	5457	0.004495048712925181
9	7378	0.004719446853491695
10	3954	0.006586557492393746
11	64216	0.0068851712873493325
12	7019	0.00016921415657186552
13	4163	0.0010555371998611537
14	353	0.00016307634916058224
15	4507	5.8978304392155826e-05
16	10525	0.0003272199405117024
17	1431	0.0004092564964479931
18	7189	0.00029484347132972523
19	87178	5.235044726866717e-06
20	5198	8.354458496311283e-06
21	7407	1.531667871509637e-05
22	9761	1.8917154081115402e-05
23	23193	2.8335850164068965e-05
24	8793	6.170366705168088e-06
25	5902	2.1729443024823114e-05
26	7428	5.920802807295031e-06
27	2935	5.323445396036194e-07
28	9641	9.238832335825488e-07
29	56681	5.344809977822036e-09
30	6902	5.964069864451957e-08
31	3106	2.0697637896351746e-08
32	51504	3.912424609365458e-10
33	136319	6.826191378921008e-10
34	8407	1.1452062140450709e-09
35	2035	1.094282546707514e-09
36	54205	4.7215283727452284e-11
37	5110	1.731015229983228e-10
38	7247	2.7472559309595427e-10
39	4282	1.0286946708707102e-09
40	3336	1.4471402891381697e-09
41	24140	2.834117817335167e-09
42	873	5.938345084582904e-11
43	54093	1.381864787857788e-10
44	10289	6.448770547959495e-11
45	5358	7.822185853194609e-12
46	1892	1.2215135638416622e-11
47	7086	2.538848429279843e-11
48	2171	4.977033845767158e-11
49	9474	2.179807503875007e-11
50	10857	5.3650826328917254e-12
51	7879	4.0947394987749604e-11
52	5564	1.6297137225040637e-11
53	27101	4.346620130032862e-12
54	5687	6.209351829347334e-12
55	5691	8.650484924973566e-13
56	9861	5.028357050212832e-12
57	5688	2.524402182614729e-12
58	10197	1.3679341400858578e-12
59	7077	8.31217975512203e-14
60	5683	2.50721386603727e-12
61	23043	1.798204135498012e-13
62	5719	1.6129442810647823e-14
63	5707	1.2769528950989301e-15
64	5700	2.979969783172231e-17
65	5682	2.7762684986127603e-18
66	5689	2.0694004653515996e-19
67	5693	9.38069347827137e-21
68	5694	8.497906765168895e-22
69	10213	4.707603067931785e-23
70	5706	1.005630474107504e-24
71	5704	2.9493302582665816e-26
72	5692	4.2294212199701135e-28
73	5718	2.2605915009913553e-29
74	5695	2.4938451700213244e-31
75	5721	2.89879453343225e-33
76	5714	1.22538325694861e-33
77	5702	3.235516413770114e-35
78	5690	3.0170264238476413e-37
79	5711	1.4972777956950616e-38
80	5713	1.1590111594144866e-39
81	5685	1.0956784638674265e-41
82	5686	1.4655990124003847e-42
83	5701	1.53164872975735e-44
84	5716	1.1307972407078188e-46
85	5720	1.2311192636775165e-46
86	5684	5.2727972790595594e-48
87	5710	5.8563377256154405e-50
88	5709	1.4164010290712113e-50
89	51377	2.5576324273066818e-51
90	23198	1.269190488061768e-53
91	5717	1.249818583765992e-53
92	5705	3.963713682096161e-55
93	11047	3.9255232444435294e-57
94	3306	1.4015916777010412e-58
95	5708	1.1564217575542454e-56
96	7277	4.2181434473089425e-49
97	81027	1.5789122285012608e-44
98	3309	1.3018138799926345e-44
99	3303	4.675464879154185e-45
100	9097	4.6198162887522776e-40
101	3312	8.463801886200449e-38
102	80227	1.1755494933812442e-32
103	5696	1.663385977040802e-26
104	51371	1.8911597221701652e-26
105	5698	2.1169847601569724e-27
106	79008	3.0824796873076317e-18
107	548593	4.8431829394212306e-18
108	2688	3.1199599007728616e-17
109	3784	8.692580312913037e-17
110	5347	2.7772546248573353e-14
111	10726	4.1982787528328505e-13
112	3107	9.658718783525328e-14
113	4350	7.556067953835203e-13
114	4791	9.059586434415438e-13
115	4609	1.7429774489441187e-12
116	2108	1.6592272246999678e-13
117	22919	9.46392214236404e-12
118	10606	1.0152639330395243e-11
119	3692	4.117378328446446e-12
120	55920	9.220238635589331e-14
121	6240	9.563728347797133e-13
122	11164	2.1621687047249804e-12
123	6624	3.0128017739830954e-12
124	9520	7.481176849537411e-12
125	2665	1.1510463636554685e-11
126	1936	1.648656844746681e-11
127	382	2.157209981131518e-11
128	3615	6.999645370037504e-12
129	4942	1.4530867470558198e-11
130	22824	4.328799935607622e-11
131	7030	5.4288407521997947e-11
132	6418	3.206424715844931e-11
133	7345	1.0254182997619643e-10
134	8565	1.27386317629927e-10
135	25996	1.5243150794495232e-10
136	6888	1.8987140522606615e-10
137	7416	4.6134448757570715e-10
138	39	1.3088019257759396e-11
139	38	2.5279163461461194e-11
140	11345	1.582582482384489e-10
141	3030	8.450910688798397e-11
142	8412	4.3679163797118794e-11
143	302	8.036049406700584e-12
144	10155	5.6148956442977325e-11
145	55379	1.1550840022176135e-10
146	8668	1.2511423480029533e-10
147	5062	1.3905033648369846e-11
148	10128	1.8322660057616363e-11
149	8900	1.0007720950593233e-11
150	47	2.700792908235083e-11
151	2947	5.799501407108978e-11
152	829	8.289133299659744e-11
153	1981	1.4117366096989538e-10
154	328	1.8945267402369473e-10
155	689	2.5271967426500555e-10
156	5093	3.347813369292308e-10
157	4678	4.410743308424394e-10
158	1029	5.898341212805989e-10
159	10627	2.591741099943764e-10
160	8767	9.723925274452737e-10
161	115207	3.5655502008429813e-10
162	204	1.6142123010547288e-09
163	654364	1.944921235802236e-10
164	10480	9.545042197453282e-10
165	1933	1.732796664845709e-10
166	64431	9.934685123709024e-12
167	11171	5.625069674994272e-11
168	4831	5.4257901069276847e-11
169	27335	6.832780738450434e-11
170	8344	2.359945128805036e-11
171	4637	4.41168341433792e-12
172	3646	2.7062772741340123e-12
173	6223	1.8175592114561412e-12
174	8664	1.3498011438259783e-13
175	2597	3.055431757170205e-14
176	7417	4.244916838999552e-15
177	7419	2.6516920274307326e-16
178	8662	2.1371508797148054e-16
179	7431	3.780827205809426e-17
180	10202	3.8432218293174336e-18
181	10056	2.0783178882938157e-19
182	3184	3.9861612158552466e-20
183	8663	3.798060746505732e-21
184	309	2.555235473836351e-22
185	2023	2.951306554978993e-23
186	3842	1.3162199609520328e-24
187	301	3.878090410992753e-25
188	203068	4.771815645607058e-26
189	498	8.19483973064143e-27
190	6204	6.162089308530274e-28
191	1974	7.713239932301733e-29
192	920	6.261837783613308e-30
193	5901	8.465063955627594e-31
194	10399	5.382032720750638e-32
195	3837	4.5006143641768494e-33
196	2771	2.11884150192013e-34
197	6146	8.168204954547122e-35
198	4311	1.2570201200531216e-35
199	6189	2.7230444384303413e-36
200	3181	4.426126493072476e-37
