#rank	DIAMOnD_node	p_hyper
1	1601	2.714033235829203e-10
2	338567	8.781365348292521e-07
3	130497	1.024492623967467e-06
4	7042	2.014731813910223e-06
5	7043	3.101744782816016e-07
6	2022	3.2643373230560014e-09
7	94	4.863690374394827e-10
8	7040	1.0858969558918031e-10
9	7049	2.033101264623736e-12
10	9392	4.568182890643908e-12
11	2331	3.902806516637718e-09
12	1490	6.666254848882467e-09
13	114990	1.0222474711879274e-07
14	4054	2.0300184300166124e-07
15	343521	3.658902228455213e-06
16	58533	7.029360582582983e-06
17	93	9.096168720040333e-08
18	91	8.545840124535902e-08
19	92	8.07273007704124e-10
20	3624	1.4329385171343564e-10
21	90	1.4385097606340512e-10
22	3626	4.0576344976285155e-13
23	3625	1.4442995494531266e-14
24	3547	5.1600235546727995e-12
25	3623	6.69560119817024e-10
26	130399	7.506286133373786e-10
27	10220	8.388369348465401e-10
28	650	1.854898569662872e-09
29	655	9.551145793492728e-09
30	11167	5.398984800730311e-08
31	23181	7.83683553909877e-09
32	10468	4.5606676958805015e-08
33	659	4.778946023178224e-07
34	657	6.817782648148263e-09
35	8200	2.1743105884757256e-11
36	658	1.8073000709319638e-09
37	654	1.215214784503175e-10
38	25884	1.136761270470504e-11
39	652	2.450283711644817e-11
40	25928	9.47819271814944e-10
41	51285	1.4250493144624249e-08
42	4086	7.42877705357396e-09
43	392255	1.1992583082613753e-09
44	23551	2.890002850360759e-09
45	23682	4.1648657283356805e-09
46	4089	5.376991905789644e-09
47	121268	5.923467310238759e-10
48	4092	1.9864051731972116e-09
49	4087	2.626675763282628e-10
50	117583	2.1098412770517156e-10
51	4091	5.565029272589028e-10
52	64750	4.425109734062171e-11
53	29984	4.369914732460115e-12
54	57154	4.5488649627560026e-10
55	8878	1.416838184900496e-10
56	9459	1.608589238051604e-09
57	5058	1.3322043530816681e-09
58	57381	7.867402887241941e-10
59	55827	2.659229702095395e-09
60	84085	3.6807740561786495e-09
61	83871	3.897055248282541e-09
62	140901	4.1227229470684456e-09
63	4090	7.468415464371564e-09
64	7554	3.05026274540645e-10
65	860	2.3694989352343606e-09
66	10273	3.774194619546278e-10
67	864	4.087568624026091e-09
68	29068	7.977930750771772e-09
69	28512	1.7882443033954467e-08
70	11171	2.1943186938443403e-08
71	51176	2.3760748503515406e-08
72	57111	3.4305301857501595e-08
73	51588	3.734540175401189e-08
74	79674	5.312670874858669e-08
75	58473	5.570817504588053e-08
76	1855	7.542338921030005e-08
77	8312	4.512244159303042e-08
78	10140	1.2391512823635228e-07
79	51560	1.3327451939368033e-07
80	64718	3.0787821407386806e-07
81	55761	3.1825613140221946e-07
82	168667	3.2886466911559887e-07
83	81788	4.715766095960645e-07
84	54440	4.921271510875002e-07
85	1499	5.950796935874489e-07
86	55914	6.551339502532019e-08
87	9372	2.8684410174663976e-08
88	22800	9.641430221245513e-07
89	7738	1.6302300462158077e-06
90	145258	1.6800399690145601e-06
91	5872	1.7308523112626579e-06
92	9241	1.7826769819563666e-06
93	653	3.4978191480635317e-09
94	5218	2.4615933634515783e-06
95	54778	2.951184239953648e-06
96	5865	3.6934830060706708e-06
97	9943	3.8332284265169455e-06
98	9306	3.976857853806007e-06
99	79753	6.89686101667237e-06
100	10691	3.0740292872931e-06
101	3224	7.953795138104361e-06
102	2737	1.0704682554567414e-05
103	6497	1.5642529603231901e-06
104	6498	1.2238713296329406e-06
105	51523	8.060759750353095e-08
106	63976	2.6200604388032595e-06
107	79987	6.6771620918796395e-06
108	4093	1.2371320697386126e-05
109	1443	9.243212857020308e-08
110	55769	7.298248186112254e-07
111	1442	8.124901391393296e-07
112	4152	1.4322189508000465e-06
113	9839	2.3706198236097865e-06
114	23592	3.198965678202497e-06
115	157922	3.27680352408e-06
116	5069	5.258661534499418e-06
117	1583	8.530182683672919e-06
118	26508	1.05237588622118e-05
119	3209	1.7747450934628093e-05
120	23111	1.8160320965794293e-05
121	440275	1.857949678011778e-05
122	2290	2.601212702908496e-05
123	8928	1.957142144118865e-06
124	10617	3.324360147806711e-05
125	163126	3.529449404282342e-05
126	2033	3.610419027385302e-05
127	10401	3.6865259107030542e-06
128	6935	4.158349535348378e-06
129	2309	5.3403152255168595e-06
130	207	3.715438274821433e-06
131	4303	2.2682830795824085e-06
132	10413	3.3458624539858037e-06
133	861	1.0053465662523774e-06
134	28996	1.801099472147376e-06
135	1387	1.844261952430271e-06
136	2308	2.364057162650163e-07
137	51701	2.519291232246433e-07
138	5371	3.478465229441435e-07
139	3065	2.5222180211747875e-07
140	1487	3.905265336197789e-08
141	7050	2.1149517026638696e-08
142	367	1.8158212581776084e-08
143	6996	1.753488241970365e-08
144	7161	5.008849735566651e-08
145	1616	7.71527775561752e-09
146	8841	9.663364632608735e-08
147	9611	3.574646873649651e-08
148	51592	6.256265293004368e-08
149	8202	5.371095515667601e-08
150	2099	1.7224675389732018e-08
151	6597	5.965887862959958e-09
152	57492	1.4526957371524775e-09
153	6601	6.119932341106057e-10
154	6599	7.486884140900265e-11
155	3066	5.483250704710289e-10
156	1051	3.623505697624586e-09
157	672	4.426840164498623e-09
158	6598	3.023182378264886e-09
159	7421	4.79636700378354e-10
160	8289	3.426522807178885e-11
161	6595	4.976691835708852e-12
162	25942	1.418631082227139e-11
163	6603	7.747524512328131e-13
164	6605	2.0176593103835562e-13
165	6602	1.0803307017726091e-14
166	6604	4.535508595679884e-16
167	1024	1.2309339019802705e-14
168	86	1.8684005522983617e-15
169	51742	1.2422854446933453e-15
170	3621	1.4084091565134694e-15
171	5928	2.728297114530752e-15
172	8819	2.192333171281783e-15
173	8932	2.0908828138291394e-16
174	5977	1.5860157329646135e-16
175	1108	5.16706163668865e-17
176	57459	6.455650900752432e-18
177	5931	8.78356034931232e-19
178	53615	4.0643390849319153e-20
179	9219	3.615063965580716e-21
180	10284	5.35719562833824e-19
181	23028	2.901066827683421e-18
182	23186	1.719298803896109e-19
183	6908	2.2781594340374056e-18
184	1107	7.657080394939792e-19
185	8189	7.220413475323191e-20
186	4297	5.7931139384723536e-21
187	53981	1.4684208465601085e-22
188	5929	4.426097573336647e-22
189	6878	6.2593303001787e-23
190	6880	7.556840702693525e-24
191	6883	2.5132028601862307e-25
192	5901	1.7255543898692203e-24
193	6872	3.767132900649516e-25
194	11091	5.4783775866233276e-24
195	8467	7.804739797245852e-25
196	2959	6.150675709772434e-18
197	10589	3.3007059398944068e-18
198	54760	1.0494716751583456e-17
199	7750	1.1729480732351707e-17
200	9343	1.8083950338921506e-17
