#rank	DIAMOnD_node	p_hyper
1	51561	6.1395781759469995e-06
2	3594	2.3015343032712966e-08
3	4050	1.3481429558514366e-05
4	3595	1.5276659362908254e-05
5	3592	2.0644904256057755e-08
6	8740	6.889378801760174e-05
7	329	5.093586595033423e-05
8	56616	5.0917335745097376e-06
9	330	1.2448187673375652e-05
10	7187	1.865159351687458e-06
11	8717	1.359079099180979e-07
12	7186	4.3031983345305053e-08
13	8737	1.8683202072798347e-09
14	7132	7.304429077980558e-10
15	26133	1.948407495239687e-09
16	8915	1.854477055947286e-08
17	113457	2.5339033705644997e-08
18	8767	9.373971541646202e-09
19	3305	4.939232060415576e-10
20	7185	7.096732500689605e-11
21	7278	7.689379804951633e-12
22	7133	1.0421065016680603e-11
23	10382	9.99848084434188e-13
24	5955	2.3456942443492565e-12
25	9020	5.770465627263983e-12
26	71	2.5415916010946467e-12
27	3551	2.812319664220051e-13
28	8517	3.8291253947191766e-14
29	1147	2.1874533372322232e-14
30	841	9.331599684944428e-16
31	10010	1.2675034763128224e-14
32	808	4.837552039319736e-16
33	805	8.941303470265446e-16
34	29110	2.1235154061837226e-17
35	3313	2.760907120990512e-16
36	1326	6.051410965291674e-18
37	4792	3.522581885533422e-19
38	4791	6.9086888031176e-20
39	5971	4.248942657780625e-21
40	4793	4.946290070040129e-21
41	4794	3.47666782498564e-22
42	203068	1.274341370168328e-23
43	3303	9.389609801896001e-23
44	4790	1.333247990871824e-23
45	1213	9.023249579403707e-24
46	3309	1.72820762547158e-23
47	5970	8.713036103219285e-25
48	801	9.651772328333646e-26
49	6885	1.969597360394933e-25
50	3312	1.2658095962591828e-26
51	23118	5.646351105774038e-28
52	3320	8.356483607452679e-29
53	92609	1.4355926324059985e-26
54	11035	6.065857616690193e-28
55	790	2.800508136110891e-28
56	4215	3.69701664304086e-25
57	9532	2.797090516965587e-26
58	3326	2.4365572297429424e-25
59	4214	6.364725923946733e-25
60	3301	6.448874759413878e-26
61	7189	9.331663195863314e-25
62	347733	3.551493512974308e-24
63	10454	1.1818261824730065e-24
64	3310	7.280282909046592e-27
65	7314	6.430048968840425e-25
66	7316	6.505351175775109e-24
67	9641	3.734017129453655e-24
68	708	1.904172922935365e-21
69	409	1.492456936006146e-21
70	6233	2.4665041286357367e-22
71	7311	6.290681434477636e-23
72	4646	6.912451964532174e-22
73	220717	1.260028654901488e-20
74	8607	3.1898335335609764e-20
75	408	9.983942680077533e-20
76	11140	3.554059844700204e-19
77	5134	1.3275430091246856e-18
78	1654	1.9381242393930605e-18
79	2734	1.0929052786772554e-20
80	6156	3.393383637170767e-20
81	6207	4.399827663247352e-21
82	1917	3.633106630323221e-21
83	6128	7.558658564937852e-20
84	6232	1.6627089185380647e-19
85	2969	5.000899295262223e-19
86	10128	8.813260534917225e-19
87	4637	5.112837033784431e-19
88	5521	4.325114024431949e-19
89	9349	2.357808283615169e-18
90	6204	1.5541159206566112e-19
91	6205	2.4390310901191558e-20
92	6202	6.747725801645601e-21
93	8454	6.921298032504301e-22
94	10856	1.2360497421092303e-22
95	292	4.444000646109887e-22
96	6191	7.859475167424868e-23
97	6188	5.953748355062628e-24
98	6130	2.0473104001232453e-24
99	6222	2.7342165251253737e-25
100	6217	2.254886390223191e-26
101	6146	1.0819998495862526e-27
102	6223	7.584313869772097e-29
103	7846	5.440153541288894e-30
104	6229	5.0894722983645385e-31
105	6135	4.6668465186717196e-32
106	6208	4.6987554066061276e-33
107	6141	4.453466195805544e-34
108	6129	2.917710017739239e-35
109	6206	1.3557241449927442e-36
110	6203	1.30813144388236e-37
111	4904	9.764027063199334e-39
112	6189	5.578819400984904e-40
113	6181	2.0034311920036223e-41
114	6176	1.6167853323150093e-42
115	3921	8.67561287122638e-44
116	498	1.0512225648863114e-44
117	4869	1.0544189627544057e-45
118	4691	2.369530602302097e-45
119	6175	6.2790305162924095e-46
120	3329	3.6663165848353113e-47
121	10202	1.2764225311976435e-48
122	1933	1.1346841797665454e-49
123	7417	2.0442367607662624e-51
124	7419	4.387801984632383e-53
125	10480	1.1605261687981707e-54
126	10056	4.113011438714062e-56
127	27335	5.74184180075293e-57
128	8664	2.7193196838908484e-58
129	8344	3.554012485525504e-60
130	302	1.6984069742567974e-61
131	309	5.324487466672151e-63
132	2023	8.2412688214312e-65
133	8668	3.572237054061559e-66
134	7416	8.392702945318521e-68
135	3842	9.76032905725048e-70
136	8662	4.323734512997076e-71
137	3184	5.286318239669134e-73
138	3187	8.339353746772733e-74
139	8663	8.386014168720498e-76
140	2597	3.844893265757762e-76
141	920	1.4269574836698954e-76
142	6749	1.2702230559024096e-77
143	3646	3.031205310136387e-79
144	301	2.7296506674216522e-80
145	3178	1.1188595454781434e-79
146	1974	1.98569600442392e-81
147	4311	5.423967827485188e-83
148	2771	1.792627452661371e-84
149	10399	5.1149410449258406e-85
150	7431	1.0038085797670886e-85
151	6201	7.81084361041355e-87
152	5901	1.251915554124439e-83
153	60	2.3636034918273824e-84
154	3181	1.668593724959447e-84
155	5245	3.452131938657921e-84
156	1655	2.4276298164506507e-84
157	3932	7.079968235762231e-81
158	2091	1.5063036254947176e-48
159	6124	3.051344399998303e-46
160	25873	5.213526994949067e-47
161	6218	2.521663242331872e-48
162	6224	1.005819164998116e-49
163	6132	8.540687623501864e-50
164	6125	5.183663550115618e-51
165	6161	1.3677475368021255e-52
166	6122	6.967051731802438e-54
167	6228	4.763663847695094e-55
168	6169	4.931510452434272e-56
169	6170	2.6381133900645234e-57
170	497661	5.734557802395794e-59
171	2197	4.819660317928125e-60
172	6209	1.1360009914227571e-61
173	6173	2.3628660957318947e-63
174	6235	6.947748065323338e-65
175	6171	2.938134279964866e-66
176	140032	6.29044223531556e-68
177	6192	1.5182287229133291e-69
178	6167	3.6532747756940164e-71
179	6227	2.1430557564271178e-72
180	6164	1.2619490333536209e-73
181	6155	2.418260644522429e-74
182	6231	4.427560383440401e-76
183	4736	1.6358663849199976e-77
184	6230	6.619363728020903e-79
185	6234	1.6571040559441722e-80
186	6193	6.602262271292166e-82
187	6165	2.4566411125958467e-82
188	6133	6.151706045364432e-83
189	6194	6.477241513036766e-83
190	6137	6.238120569791368e-84
191	6160	2.599984207217175e-85
192	9045	1.2100385612870158e-86
193	6210	7.474096224186184e-88
194	6138	2.3777632500911404e-89
195	6168	2.5092256822929902e-90
196	11224	1.0844097440651723e-91
197	6143	3.096491395511492e-93
198	6134	2.3354936302283367e-94
199	6152	1.4510879318589826e-95
200	6136	2.67515051960411e-96
