#rank	DIAMOnD_node	p_hyper
1	4758	1.0178859446123547e-08
2	2799	6.203818893216396e-09
3	3938	8.17537315430308e-10
4	8972	2.4714026701879463e-09
5	2595	5.750907258094474e-10
6	27089	5.5776856168730516e-08
7	1537	2.0665705984529698e-08
8	7388	7.099184205295081e-08
9	7385	1.2279273760283714e-08
10	7384	3.0733275489527474e-09
11	1327	2.1516276577633519e-10
12	9377	8.63086183766304e-11
13	124637	1.9942547597113594e-11
14	29796	2.9681931724647677e-10
15	170712	1.0274437973033868e-11
16	1350	1.048479265631495e-11
17	10975	3.4131235831962527e-12
18	1347	1.855235417930317e-13
19	1346	1.8970348968324564e-13
20	6649	3.8696575790427154e-14
21	1339	2.483898450933345e-15
22	7386	3.701552113595419e-15
23	125965	1.1682330094626904e-16
24	84701	1.1992868568983579e-16
25	1351	1.2311000260351235e-16
26	7381	1.1511863581642846e-17
27	1349	1.0542409583398648e-18
28	1337	1.0843281911903927e-18
29	9167	6.102949156597298e-18
30	1345	1.000754203480412e-16
31	6648	6.013483016829748e-17
32	341947	8.195885039359478e-18
33	4537	2.1710277298668028e-16
34	1329	2.0123267372386942e-14
35	4700	1.7267198613571814e-12
36	4719	2.0108788270277202e-13
37	4724	2.0798537762578422e-14
38	4717	1.3637859215308317e-15
39	4696	8.279361791116605e-17
40	126328	4.659255893301055e-18
41	55967	4.145815432141065e-19
42	4731	2.0793122549433296e-20
43	4718	9.700107623008788e-22
44	4713	4.210593862432803e-23
45	4711	1.7009634450268078e-24
46	4708	6.394688622964147e-26
47	4706	2.2367497330872594e-27
48	4702	7.276136410081712e-29
49	4695	2.1998319010207217e-30
50	4541	6.175985103984484e-32
51	4710	3.98700734347418e-33
52	4709	1.0098094977229092e-34
53	4707	2.371139699081868e-36
54	4705	5.153026711772902e-38
55	4729	3.0466095145963836e-39
56	4694	8.107279252349789e-41
57	4714	3.4212526033569554e-42
58	4712	6.036074841151008e-44
59	4701	9.79827226663399e-46
60	4726	5.341926803102729e-47
61	4725	7.782444126041586e-49
62	4716	1.0362275756268515e-50
63	4704	1.2552065053136107e-52
64	4698	1.3757207271452652e-54
65	51079	1.3554280589582803e-56
66	4722	6.65747727114359e-58
67	4720	5.742079070024908e-60
68	4715	4.25347807937334e-59
69	54539	2.9644555428672085e-53
70	4697	9.279278550889014e-51
71	4538	1.4271695061390916e-27
72	7991	1.210244563069175e-11
73	2877	4.063154982077041e-10
74	2879	8.412264018036965e-10
75	80724	1.4430792322184936e-10
76	84129	1.3993425211960225e-11
77	2878	8.56330942743369e-13
78	30	6.801454044970865e-14
79	2876	1.409696570423324e-13
80	3295	5.6453954456683584e-14
81	257202	8.23791729698987e-15
82	1962	3.928959619193521e-14
83	7001	5.9159311031287435e-15
84	8309	7.268287628331973e-15
85	10935	9.158007550950105e-15
86	5052	2.832993285848375e-11
87	549	8.667672135978868e-11
88	55268	4.074610196172477e-11
89	1891	6.702448105211443e-12
90	1892	1.5303177758424723e-10
91	3030	2.678820709943341e-11
92	3032	4.664512607936814e-12
93	51103	2.254926041324428e-09
94	116285	8.224766174923192e-09
95	2936	1.1188330863222068e-08
96	80010	5.300566224072909e-07
97	7156	5.371806747438906e-07
98	2188	2.9139851497723326e-08
99	57697	1.2981187683944281e-09
100	55120	1.2205584581066789e-08
101	378708	5.868519092210472e-08
102	55330	5.7404983021704e-07
103	63915	5.494473987268347e-08
104	2647	1.4940278186577945e-08
105	282991	2.420709660084003e-09
106	1176	3.328344460113965e-10
107	10947	1.9626093107933852e-11
108	8120	3.929865981561235e-12
109	26985	7.326458247158311e-11
110	8943	2.1908051519393832e-11
111	23557	2.3198632764415517e-12
112	84264	9.210926508593867e-07
113	80233	1.2838541958111004e-06
114	3029	1.3663134124031814e-06
115	587	3.77601385767177e-06
116	6476	4.239431484305536e-06
117	55655	6.748116047845209e-06
118	2181	6.823767022335847e-06
119	6118	7.501915593597657e-06
120	6119	2.5138628526780017e-06
121	545	8.305982135487447e-06
122	6117	2.517388632517893e-06
123	29935	3.4544784508685765e-06
124	4683	4.63675363123244e-06
125	4361	1.0574762364050198e-06
126	5981	2.455455812561442e-07
127	5982	5.392346315187552e-08
128	5984	3.117786310848895e-07
129	11073	4.551824801726573e-06
130	83990	3.659196339318552e-06
131	672	2.3106337458948275e-06
132	571	1.8142508474028076e-06
133	5888	4.223930856550146e-06
134	9656	6.5862747031466716e-06
135	7486	2.5865716769971675e-06
136	5893	3.237912727547348e-06
137	201254	9.938477965490675e-06
138	3033	1.189731800050821e-05
139	5019	7.039311156298378e-06
140	3028	9.325916254468754e-07
141	3158	4.609153975268052e-08
142	3157	1.8419560071850398e-07
143	39	2.0008355522012572e-08
144	64064	2.231477111204834e-09
145	38	2.2755553825781047e-10
146	54511	4.1633552451250415e-06
147	586	2.2477317771463604e-05
148	4759	2.3464468255066494e-05
149	675	2.6994819817048092e-05
150	580	1.3369911219692686e-05
151	4437	1.8545551039423456e-06
152	5932	4.073257620147695e-06
153	11200	1.9492855715395284e-05
154	5591	2.0310489517691248e-05
155	11277	1.925155236959342e-06
156	7520	1.740355650765898e-05
157	7014	4.814067650646015e-06
158	7518	9.143369611308104e-06
159	200558	2.4250805059934004e-05
160	84142	2.574459279524211e-05
161	1111	2.6634419464468157e-05
162	5422	2.614716636375715e-05
163	5426	1.2804565771850813e-05
164	142	1.6377216889468637e-05
165	54386	3.1177868485914032e-06
166	2547	2.8776437052861953e-06
167	26277	3.6924504515578177e-07
168	9557	2.8294921115024443e-06
169	3014	4.337544340270922e-06
170	7515	2.9527550081515263e-06
171	5111	2.4587238384328645e-06
172	9156	1.5175521912078218e-06
173	890	2.0166692726546815e-06
174	5424	4.5412115041610036e-07
175	3978	4.769953736166942e-08
176	5557	4.143969946242371e-07
177	7155	3.2967524669306855e-07
178	10714	4.9616110412471794e-08
179	5558	8.80079322446509e-09
180	57804	4.093715006708632e-10
181	56655	3.5127326886241554e-11
182	5425	9.024441778933965e-12
183	54107	1.1750777154925797e-12
184	5427	3.0993524769836118e-12
185	23649	8.423268156274871e-13
186	5884	1.7300364752071604e-09
187	7153	3.9693404760182325e-09
188	7150	7.835397574143666e-08
189	5983	7.695169310566144e-07
190	3364	1.456138626599258e-07
191	5883	1.9379589324656552e-08
192	5985	1.970669187627822e-08
193	5810	5.64662741760168e-09
194	22909	1.0136626306268115e-06
195	5378	3.14023617478644e-07
196	54921	1.1637260412695823e-06
197	79075	1.067607798819177e-07
198	63922	7.604257354429013e-09
199	983	1.4937516586418614e-06
200	2237	3.678205764168549e-07
