#rank	DIAMOnD_node	p_hyper
1	6445	2.8894979506418593e-07
2	8082	9.233214531071039e-08
3	1837	1.678292731909093e-09
4	6442	1.2122918686236769e-11
5	8910	1.3654490042760103e-10
6	70	2.671842896728501e-06
7	137868	6.315828154348827e-06
8	4604	4.0059057779404535e-05
9	1605	5.658877144456325e-05
10	1821	1.9616146354300446e-07
11	7402	6.804874175550363e-07
12	6641	2.740134380006147e-06
13	6640	5.877630405557907e-06
14	3768	1.7812341888605734e-07
15	6645	8.330654259090401e-08
16	146	1.4015931825311152e-09
17	361	1.8580095542756192e-06
18	6329	1.9901633748845535e-06
19	54212	4.538846152031595e-06
20	8525	1.3135745350945332e-07
21	1838	1.695052874390779e-07
22	19	2.172396192299327e-07
23	54221	4.940966014006988e-07
24	6331	2.5154741650847414e-07
25	5239	1.4928321092097645e-05
26	1740	2.450941134329459e-05
27	3761	2.2169533245725693e-05
28	8825	1.4739278851477033e-06
29	1739	1.1440171747938723e-06
30	1741	1.4314695680182556e-07
31	3739	7.777403253914984e-09
32	1742	2.9984226192282506e-08
33	27165	3.861452318731867e-10
34	8573	1.3729383283019074e-09
35	3759	3.82849593775983e-11
36	64130	9.069358571386421e-10
37	55327	1.6796511228003194e-09
38	320	2.7417160067522096e-10
39	493	2.811760874219174e-08
40	491	6.81326467350997e-10
41	22866	3.273913089057824e-08
42	2898	4.6833109269398576e-08
43	23095	6.586590227858367e-08
44	10207	2.090902266922964e-09
45	9419	4.948359555844195e-10
46	10369	1.0576587274113442e-09
47	2903	1.0226470036827579e-08
48	9229	1.1099241644629703e-08
49	2905	1.4513206332686072e-08
50	2904	1.7659294074925657e-08
51	85461	7.47675310314392e-09
52	57555	7.857618261088114e-08
53	6300	9.069731922295814e-08
54	5998	1.3790449815198817e-07
55	54910	4.248846651674541e-07
56	4842	6.197529601979682e-07
57	9615	2.39280897857503e-06
58	3358	2.48007038495478e-06
59	58512	2.771097111416391e-06
60	2902	2.9791862582522686e-06
61	116443	6.115138627607827e-08
62	88	1.903015331462718e-07
63	815	1.8457343263924126e-07
64	8831	2.5316586319669723e-08
65	22839	2.4148971569476715e-08
66	2906	1.1262026654529746e-07
67	116444	3.3970636150399784e-07
68	2066	4.7668310104667033e-07
69	3603	6.747653025716853e-07
70	3766	3.909561032741534e-08
71	3738	5.577971191716877e-07
72	3736	5.810729835406657e-07
73	3737	3.047147376429926e-07
74	3741	1.0681877995897931e-07
75	5578	1.0885343275795755e-06
76	2890	2.967451568329949e-07
77	2891	2.798332320574528e-07
78	2901	1.1500044253660553e-06
79	2895	2.1916499843380153e-08
80	6714	2.1544280681152365e-06
81	85358	2.506641340662216e-07
82	9228	9.192737507512738e-09
83	57554	4.265476352297e-08
84	22941	4.5319591794306824e-08
85	2534	1.433269113271349e-07
86	6709	2.1867268710432735e-07
87	1398	5.662859215153555e-07
88	57716	1.804108496085823e-07
89	25	5.521276125076808e-08
90	8506	4.598365177131842e-09
91	4690	1.7005963729912922e-09
92	80831	1.0792279961435394e-09
93	2151	1.3293609022828894e-09
94	4007	3.1090084123524656e-09
95	56955	3.2412595555919443e-09
96	5335	6.729560936585709e-10
97	128853	1.5828611238047272e-11
98	83747	1.6624537082345425e-11
99	114784	6.971162542275706e-11
100	2885	9.435152821057544e-11
101	64714	4.858286064794234e-12
102	5295	2.2396738134184e-12
103	9784	4.0030151706447096e-13
104	445815	8.033263149611249e-13
105	9749	8.415799490070757e-13
106	1795	9.833309498595652e-13
107	9743	1.1134311785386763e-12
108	9793	2.9827638179604453e-12
109	29998	7.011779202479724e-12
110	2137	7.332453647831257e-12
111	9472	8.299794557131605e-12
112	27	9.425822771980742e-12
113	79890	1.9746040823294642e-11
114	81875	3.4656561932658896e-11
115	11217	3.618083193787379e-11
116	9826	4.059676705759814e-11
117	2048	8.667544163378457e-11
118	6237	2.9163239917704275e-11
119	50807	1.2963510111105074e-10
120	23230	1.5243150794495232e-10
121	29886	1.577612809500189e-10
122	92591	1.632391032052209e-10
123	8529	1.6886803779851429e-10
124	11184	2.0689410241947893e-10
125	5775	2.291749317374519e-10
126	10278	3.2888312121417923e-10
127	2185	7.07667051477121e-11
128	8853	2.551219829364472e-10
129	831	3.841570628240612e-10
130	3400	4.902067841594984e-10
131	9103	5.094247171656729e-10
132	10006	8.099193576879018e-10
133	6655	1.2443840791856009e-10
134	23607	2.3599446601382623e-10
135	6654	1.4984773195018986e-10
136	9564	2.9992725312361495e-11
137	2889	8.947328902508682e-12
138	867	1.9362591273306536e-12
139	1399	2.096881982452126e-13
140	29760	3.698909000790671e-12
141	2065	2.9571433056457786e-11
142	6464	3.4820597611912743e-12
143	6850	9.401110208209704e-13
144	868	5.513413686075901e-14
145	4067	4.679928559786267e-14
146	5747	2.3288560117896428e-14
147	2064	7.794894796491456e-15
148	5921	1.698289486647838e-14
149	1956	1.2591968855403265e-14
150	5781	6.006231185775387e-15
151	5159	4.812884063806819e-16
152	7409	4.244714516276237e-16
153	9846	6.631912107224736e-16
154	613	1.8950118776152446e-16
155	3055	3.240169047530013e-17
156	5829	9.839034377198221e-17
157	5777	1.940533076960247e-16
158	3937	8.314920949709981e-18
159	55824	2.2210309358826054e-19
160	7535	1.207645153387029e-20
161	5336	1.5949055275184488e-17
162	3932	1.7849909101949175e-17
163	3815	1.3316037305773807e-18
164	1796	5.418321324327739e-19
165	30011	1.610821295514125e-18
166	6452	1.5053597374207783e-19
167	27040	4.062151134334706e-19
168	3717	4.940453869542015e-18
169	10451	1.907821164434449e-17
170	7525	2.1325602652607576e-17
171	1445	4.837592761600593e-18
172	5782	1.874424266071858e-17
173	2549	1.167891145213457e-17
174	3643	7.127777558715696e-19
175	2057	1.8698147685966085e-18
176	5788	2.783083310243072e-19
177	5795	2.4565423638168862e-18
178	4914	7.203762531889385e-19
179	4233	8.758352171943891e-19
180	10603	1.6147431316275035e-17
181	5793	1.943268554691216e-17
182	7006	5.785618505441839e-18
183	7454	4.180685150088683e-19
184	5800	6.731454144488446e-19
185	5787	1.097281437089576e-18
186	3702	1.6891711528625672e-18
187	4739	4.992152213985469e-17
188	695	1.0536664458747774e-16
189	10657	4.075502874648256e-17
190	6776	6.024645865244082e-17
191	6777	3.134080436339093e-17
192	2690	1.1752342296749453e-17
193	3716	1.82508291615882e-18
194	5156	1.7152401240665888e-18
195	5770	3.0125335089726493e-18
196	1000	1.54557159785365e-17
197	26191	2.1714616128753735e-18
198	8651	7.539802563567935e-17
199	7410	2.9450007783920436e-18
200	3480	3.623972128866668e-18
