#rank	DIAMOnD_node	p_hyper
1	58	3.0804880660421254e-05
2	8312	7.088186807852534e-05
3	1454	6.84529934319729e-05
4	4040	2.014731813915774e-06
5	4950	1.012730426223201e-05
6	1855	3.356613728931767e-05
7	1453	3.4580742798117514e-05
8	6571	7.392786349042736e-08
9	4775	2.8894979506418593e-07
10	1857	3.021049075478733e-06
11	1499	5.050475483428183e-07
12	1020	4.169442968788137e-06
13	1457	5.443065893081443e-07
14	5494	1.4666887689451298e-07
15	1856	3.3308084294428986e-08
16	1459	1.251003607755048e-08
17	5664	6.602139909243837e-09
18	637	1.7545407154370873e-07
19	1460	1.5556059010268635e-07
20	2287	4.3897784917044314e-08
21	81839	2.493461606423936e-07
22	324	4.49247942528055e-07
23	999	7.697958312974372e-07
24	7088	1.6152943451974279e-06
25	3146	1.9538349748166052e-07
26	8894	9.577398416761976e-07
27	8893	4.0247251020079e-08
28	1983	1.800166433476978e-07
29	2932	2.43865888832304e-07
30	8313	1.1160842494903008e-08
31	5525	5.5708139070936415e-08
32	5504	1.3250930163738866e-07
33	22881	2.2341340533285346e-07
34	5770	3.471115434737987e-07
35	1021	2.080262651591011e-07
36	5499	6.155375724655369e-08
37	84152	3.171347128984221e-09
38	1022	3.022422603260573e-09
39	1019	1.9582693991193516e-09
40	6241	4.482222121580882e-11
41	91768	9.256094781799496e-09
42	1025	4.979945644197981e-10
43	10485	3.8513067336466045e-11
44	10763	1.1113650146713713e-10
45	983	7.028499651277082e-11
46	5663	5.546388345391256e-11
47	4137	6.767827907008082e-11
48	273	8.404050621829905e-11
49	1017	3.4127486430693964e-11
50	5867	4.251682409925014e-12
51	3832	5.9466568677535814e-12
52	6853	3.587495360083469e-11
53	3925	4.0270228223107926e-11
54	5058	7.0617324452372066e-12
55	5127	5.396364065385984e-11
56	2099	7.258534465419727e-11
57	6714	3.1742668705464605e-11
58	595	2.2616316794705712e-12
59	2903	3.699203527015522e-12
60	1759	4.799128532427328e-12
61	25	2.4902867981472715e-11
62	1027	1.767382482992731e-11
63	672	3.4538949005260533e-12
64	207	5.1451777057798046e-12
65	2308	2.356199723698152e-12
66	367	3.773986548914238e-12
67	4088	2.651687051730641e-12
68	5925	6.811624550737492e-12
69	894	1.857613397317538e-13
70	1026	9.46715119269103e-13
71	3725	1.2835082470824973e-13
72	4654	2.7231091901056447e-13
73	5934	6.872527982331666e-14
74	896	1.5623069179582014e-13
75	8851	3.6947558359228654e-13
76	1050	6.041240150413276e-13
77	2033	1.2313680314788657e-13
78	6667	1.3647448299879336e-13
79	5594	2.186548132047585e-14
80	1051	1.3639170123899191e-14
81	860	4.654395623561463e-15
82	4089	3.976029799922307e-14
83	7249	8.847704025675208e-14
84	5595	3.2646883190205734e-14
85	5515	1.0778496469411799e-14
86	1386	4.2696247753736985e-14
87	1387	3.627780424633607e-14
88	2113	3.56671282463194e-15
89	4609	4.652323771746348e-14
90	5601	5.646835625631142e-15
91	5599	5.581188722722927e-16
92	4087	8.010717813530088e-17
93	5604	2.9988750368881915e-15
94	1432	3.268613781178224e-16
95	8202	2.7871356459474474e-16
96	2353	3.68748780584164e-15
97	2002	1.2324610488832408e-16
98	9252	2.1457158891090674e-17
99	2908	2.3893918880327695e-16
100	5970	6.680392753693732e-17
101	23054	4.5901855556297644e-18
102	7421	1.940896697947429e-17
103	10499	7.104534436967857e-18
104	6256	3.1082631189499822e-18
105	5600	4.9816608694324715e-18
106	3172	8.514728667664314e-19
107	5371	1.5303738164197581e-18
108	6774	7.037430464041727e-18
109	3065	6.864341937767348e-17
110	6597	1.6926189323995696e-17
111	2114	4.819182394134558e-18
112	8648	5.775558441772703e-18
113	602	5.272170161777044e-19
114	9611	7.95247495214029e-18
115	5468	3.2846461147018037e-19
116	9612	1.3551144220903646e-20
117	8841	6.05056483596984e-21
118	5914	4.409860353112175e-19
119	7704	3.663374520470611e-20
120	6599	2.729870290607238e-18
121	3066	7.535832049535865e-19
122	6598	6.599527047310891e-19
123	6908	3.0653645769903074e-18
124	3297	1.121741763848824e-19
125	9325	1.8564694762030265e-19
126	7068	1.7391312689942023e-19
127	5451	3.5174944512034017e-19
128	4790	9.692937107595482e-19
129	6601	5.3248853000061986e-18
130	6595	2.5972341544823506e-18
131	6872	4.532966176308541e-19
132	2959	1.906031984195501e-19
133	8850	1.7788782172846974e-19
134	7067	8.689010420154193e-19
135	6996	6.823063128767145e-19
136	5469	2.1639525374975566e-18
137	4193	8.693234898855132e-19
138	1024	2.737273038033638e-18
139	9412	1.140266989898104e-18
140	10891	8.524882521457665e-20
141	5430	9.179822896612272e-20
142	6602	3.3710723851623466e-21
143	2962	1.9761792463693657e-22
144	54760	3.123977511415022e-23
145	6604	7.740428643484333e-22
146	6603	9.602509892072632e-23
147	2965	8.773457553669009e-23
148	10589	2.5804629029888183e-23
149	2960	1.7126890402852896e-24
150	892	1.8647218716676284e-25
151	2071	5.247483795237567e-24
152	2967	3.915741966414916e-23
153	6605	2.146203048831373e-21
154	25942	6.268057602862282e-22
155	5241	1.899348875394412e-20
156	8289	1.058671063894628e-21
157	57492	2.3330616298635317e-21
158	86	1.932586769868823e-22
159	7155	2.537606425658771e-22
160	5928	2.5756711462131407e-21
161	9219	3.2052329830739535e-20
162	9031	4.5877661433639516e-20
163	11198	1.2527377099694996e-20
164	3516	1.1715200693041562e-21
165	57459	1.094390034411295e-19
166	5977	2.336967873256543e-20
167	5931	3.667699880066394e-20
168	1108	1.4471018147232758e-21
169	8932	5.62627166767051e-23
170	8819	8.571849693460465e-24
171	53615	1.0992634121379937e-24
172	6880	2.048309207502693e-24
173	53981	1.3906529084958758e-24
174	8189	1.6750421193201892e-23
175	6878	7.615079734410831e-25
176	6883	4.799053487857872e-24
177	10284	1.1705185302663192e-24
178	4297	9.126695779712131e-26
179	5929	9.312277579939099e-27
180	23028	3.522215496960939e-28
181	1107	4.993855969646295e-26
182	8467	1.6389440110185047e-26
183	11091	5.124800250805813e-27
184	5901	5.112328156018366e-27
185	51742	3.443384365614939e-25
186	3621	1.196538518196221e-22
187	60	3.741393766417797e-22
188	9343	6.6379754511200065e-21
189	7528	3.836665706363678e-20
190	55193	5.946813240852511e-20
191	51412	3.6671767672464066e-21
192	1487	4.272947769559441e-21
193	2969	1.9371795472428096e-19
194	10498	3.7599709981700725e-19
195	3020	2.9581055393489235e-19
196	23186	1.1035308444514158e-18
197	54815	2.1358765000130878e-20
198	9112	3.904651891000534e-19
199	9203	6.772658807891113e-21
200	23309	4.314027018176015e-22
