#rank	DIAMOnD_node	p_hyper
1	8678	0.0005130884768203505
2	9711	6.1395781759469995e-06
3	7405	6.435593945983543e-08
4	30849	7.918500975112452e-08
5	22863	1.7206025048479405e-08
6	29982	5.864682531753387e-07
7	57120	5.499403773456583e-05
8	9311	9.556620976407147e-05
9	9399	1.4158331298988344e-05
10	41	5.434072476179117e-05
11	2040	2.4768792733654973e-06
12	51148	0.001800585190210391
13	79647	0.0018756095731358284
14	83733	0.0019506339560612673
15	392862	0.0020256583389866834
16	10675	0.0021006827219121576
17	80305	0.0021757071048375343
18	80183	0.0022507314877630025
19	399670	0.002325755870688437
20	81037	0.002400780253613852
21	1890	0.004945664964103679
22	4860	0.0024558753898185686
23	9615	6.665491471677473e-05
24	4837	0.002700877785315633
25	56142	0.005544306401464261
26	10999	0.005693938615138364
27	10948	0.005843559571064837
28	253558	0.005993169268672637
29	339210	0.006142767708043185
30	10314	0.006292354889176462
31	9463	0.008825784608303995
32	2891	0.001757326815531694
33	2898	3.9380818145177425e-05
34	2901	6.22582073987663e-06
35	2890	7.3583404795188216e-06
36	23426	2.4444668285095746e-06
37	2899	4.6450321730116424e-07
38	2892	1.0670555577768528e-05
39	1742	4.072648514621075e-06
40	2897	1.110915448429183e-06
41	6386	4.389198557914703e-06
42	1948	1.110865785601668e-06
43	2913	1.3181027382356989e-06
44	2893	1.9320163403638475e-06
45	10369	6.190711951077693e-08
46	1741	4.608684670184801e-06
47	1739	1.5644616955336918e-06
48	9419	7.1457211371882945e-06
49	1740	1.4307239817097636e-06
50	27165	8.7269330476833e-08
51	491	9.315223471593526e-08
52	493	2.403061197318015e-08
53	54910	1.6565089213817578e-07
54	3759	7.183042684020774e-07
55	8573	1.0267246620991769e-07
56	3761	5.749030285256597e-09
57	8825	7.867402887241941e-10
58	3768	1.993256137709277e-10
59	64130	8.32873752324678e-12
60	3739	2.349944199792375e-08
61	320	4.6967771749115135e-08
62	55327	3.533142834520448e-09
63	19	5.242255808370834e-08
64	10207	1.253146467429153e-07
65	2903	1.3030225665454548e-08
66	9229	1.4095138948436116e-08
67	85461	7.977930750771772e-09
68	2904	7.157322149794725e-10
69	2905	1.8809132415353302e-08
70	6331	2.228667921163061e-08
71	22866	8.999491321760582e-08
72	6640	4.8244753752851015e-09
73	6329	5.164953342789024e-10
74	23095	3.035174247746364e-09
75	57555	1.1618308677790588e-07
76	5998	2.093810428348168e-07
77	6300	1.903015331462718e-07
78	6641	3.078213167129307e-09
79	55914	1.6533123641647027e-06
80	1947	2.0179560980735366e-06
81	6645	2.107380610376112e-06
82	1756	1.9423143693695016e-06
83	1837	6.315300577493427e-07
84	7402	1.8900098341535558e-08
85	1821	3.697131634139817e-06
86	3358	3.813451732197994e-06
87	54221	3.9321772162561976e-06
88	1838	2.488366629617514e-07
89	54212	6.29788495327331e-07
90	146	4.79212483832354e-08
91	58512	5.6990087745866845e-06
92	8525	7.075142830110256e-06
93	2048	7.414948469728809e-06
94	2902	5.656100285608248e-07
95	116443	1.3486687483997645e-07
96	116444	5.173904981887644e-07
97	815	8.130298634943735e-07
98	8831	6.591655345746604e-08
99	22839	7.473006858921073e-08
100	2906	3.415389087759246e-07
101	60412	9.403877833582621e-07
102	88	1.0363654920079027e-06
103	2066	1.4732160546105917e-06
104	3603	2.056410115888656e-06
105	3766	8.345087723193194e-08
106	3738	1.1764201335263788e-06
107	3736	1.216898197044557e-06
108	3737	7.569357858680352e-07
109	3741	2.2145564597812356e-07
110	57554	4.481484813437761e-06
111	818	4.883317982662889e-06
112	3751	4.781331330266252e-06
113	8777	7.905168912896111e-06
114	817	1.0105364856663009e-05
115	816	7.372144316701157e-07
116	5860	9.85035466749812e-07
117	6714	5.1100461011238324e-06
118	85358	6.322164141596034e-07
119	9228	2.7810933012839685e-08
120	22941	1.2770743664536574e-07
121	90627	1.6418344278113603e-06
122	1000	1.9558418714204696e-06
123	1398	3.0513780501134396e-06
124	9743	1.2856664176545331e-06
125	2316	4.805379699122442e-06
126	5578	1.2959737827455092e-06
127	4842	7.919344383873389e-07
128	2534	2.628532633186976e-06
129	5786	2.2877002017713277e-07
130	1605	4.0844714169459887e-07
131	57716	4.3364017721446257e-07
132	5566	7.452613430174334e-07
133	94274	1.7111589949785157e-07
134	5335	3.972022921967959e-07
135	4690	2.4450232403469686e-07
136	2151	4.724817741568773e-09
137	81875	8.896664606390431e-09
138	56955	9.201704509854173e-09
139	128853	9.515030331244194e-09
140	83747	9.836808754863314e-09
141	25	1.804948398899043e-09
142	114784	1.929576359091911e-10
143	8506	4.428047102390949e-10
144	5295	5.434078279811815e-10
145	80831	1.6825712849609988e-11
146	64714	2.1689803297226086e-11
147	27	3.181544844398494e-11
148	9784	1.869052657819449e-10
149	2885	1.8769701781084644e-10
150	445815	2.9384488583825688e-12
151	9749	3.0507462669827466e-12
152	1795	4.3684317506191726e-12
153	9793	1.2412794304127537e-11
154	29998	2.361957904611311e-11
155	2137	2.4498219202339928e-11
156	9472	3.348966862087598e-11
157	79890	7.486644919189163e-11
158	6237	1.0488712397559144e-10
159	4007	1.1195875572631702e-10
160	11217	1.1599037444399033e-10
161	9826	1.8755442213383753e-10
162	23114	3.3737266663257295e-10
163	57190	3.685496312667087e-10
164	23230	3.793259362745497e-10
165	29886	3.9035285302669773e-10
166	92591	4.016347273916606e-10
167	8529	4.1317595519029206e-10
168	5775	7.524882947320943e-10
169	11184	8.794596377786329e-10
170	50807	9.276307623070506e-10
171	3400	1.2381666529267803e-09
172	9103	1.2795696838215595e-09
173	10278	1.4935264395098717e-09
174	2185	6.369807536367489e-10
175	2064	5.232590652833384e-10
176	5747	1.072760005567092e-09
177	2065	1.1750405189394445e-10
178	9564	1.8030130908813916e-10
179	5782	6.126706704807367e-11
180	6654	7.438497443826882e-11
181	29760	1.569267255606463e-11
182	1399	1.5628992783219302e-12
183	6850	6.941940763756633e-12
184	6464	4.5797719304390626e-12
185	2889	1.0666891788018977e-12
186	867	2.2115076060975264e-13
187	6655	9.04809819016775e-13
188	23607	5.770154780797753e-14
189	4067	8.040659653207294e-13
190	1956	4.874820373580963e-13
191	9846	1.0560023888267053e-13
192	5781	8.246811742796668e-14
193	4739	3.17220426482206e-14
194	5829	1.45146193233261e-14
195	5921	1.4255832933777607e-14
196	613	1.7497970631630268e-15
197	5159	7.196640748497637e-15
198	2549	9.105682102119707e-16
199	5777	2.5166129887985774e-15
200	3815	5.223328002050635e-15
