#rank	DIAMOnD_node	p_hyper
1	5198	0.00013808184471058376
2	47	0.00019991759818446833
3	8900	5.393576871145854e-05
4	10155	5.091820180826833e-05
5	10168	1.718366117054591e-05
6	8412	2.9233464391346127e-05
7	8793	3.9380818145313445e-05
8	7407	3.776852786705255e-06
9	2935	6.76555577857162e-06
10	23193	7.771633955935752e-06
11	382	1.9345064564320965e-06
12	3615	1.9115245202213944e-07
13	3799	1.605061844784199e-06
14	10525	2.091600983588895e-06
15	4163	5.696204853766311e-07
16	4522	4.133061644563923e-07
17	3106	2.844616125931625e-06
18	51504	1.6865890601791278e-08
19	4678	1.0175228098722624e-07
20	5902	1.4666887689451298e-07
21	9641	1.3781818050029355e-08
22	56681	2.7674389602299244e-09
23	231	4.4082454521481675e-09
24	7189	7.436712641158407e-10
25	7247	6.537790439218445e-11
26	6902	2.0794137536443976e-10
27	136319	3.686794437296706e-10
28	689	6.280549578097865e-10
29	8407	7.124806121351534e-10
30	27101	1.1870033657201233e-09
31	2035	5.845665729731541e-10
32	54205	2.9273012753533847e-11
33	9631	4.5013594957201994e-11
34	5110	1.3320898085853983e-10
35	1892	1.7245042542872121e-10
36	23043	7.634605812576672e-11
37	873	3.665020580335371e-11
38	5564	2.323582110411384e-11
39	54093	6.739659816417824e-13
40	24140	2.5380862390077976e-12
41	55920	2.0147090251611898e-14
42	3251	3.453655503258593e-14
43	55379	2.1628181693357906e-13
44	4282	2.6851473533277957e-13
45	10289	1.791715932452534e-13
46	2171	2.5558154064822703e-13
47	39	3.008540502310681e-13
48	9474	1.0604267853777723e-14
49	10726	9.51892545299992e-14
50	3692	1.2650919305311947e-13
51	6240	2.2420766424573255e-15
52	4942	2.4633358135329457e-14
53	1936	8.164683381225468e-14
54	6624	1.704188415534934e-13
55	7416	1.5460695194888108e-14
56	7345	2.3364385765227597e-13
57	7879	1.0952709578006563e-12
58	7086	1.2327004644874239e-12
59	11164	7.021151218512348e-13
60	2688	9.395166433867957e-13
61	5691	6.004281656520968e-14
62	2665	8.167861833555102e-14
63	9520	1.1430929729678496e-13
64	302	1.488474670098738e-13
65	6418	6.506108038558968e-13
66	5687	1.3398422999542758e-12
67	9861	8.683919612063146e-13
68	5707	1.42008031107435e-13
69	5719	5.2618247876939365e-14
70	5700	4.596355235172131e-15
71	5683	2.2319940392836176e-16
72	5688	1.0808784319275985e-17
73	5682	2.0800860653396582e-17
74	5689	1.1987619414821438e-18
75	5702	5.3544355400074066e-20
76	5718	3.461052956683604e-21
77	10213	2.928403879119472e-22
78	5706	6.941519513722701e-24
79	5704	2.254919516073484e-25
80	5714	6.2533141337811665e-27
81	5693	1.1422383836355318e-28
82	5721	3.3549699816981955e-30
83	5694	4.234117268198858e-32
84	5692	1.270579084903168e-32
85	5695	3.5665197698084524e-34
86	5701	1.2350986410409457e-35
87	5711	1.543614504972555e-37
88	5713	1.6604390932321624e-38
89	5690	3.9725309399351815e-40
90	5720	2.2356488993971138e-41
91	5716	2.7166726466845045e-43
92	5685	2.1278832401611465e-44
93	5709	1.3296020298298333e-45
94	5686	1.6997943019412696e-47
95	5710	1.5617795512443716e-48
96	51377	7.27233711169452e-48
97	23198	5.354243911385283e-50
98	11047	1.6620326369450636e-51
99	5684	1.2597099942299716e-52
100	5717	4.8881144931231504e-54
101	5705	1.6854117481467754e-55
102	3306	3.321294293725401e-57
103	5708	9.786005803732109e-57
104	7277	1.6673390432738156e-49
105	81027	4.474439708086499e-43
106	3303	5.0462527092205236e-42
107	3309	8.082855457387997e-43
108	3312	1.7634264635575582e-40
109	9097	3.654330491507577e-39
110	80227	4.69869524163475e-32
111	10197	5.586836491658231e-31
112	5696	5.708035904796635e-26
113	51371	6.419725959153055e-26
114	5698	8.528544101488351e-27
115	79008	1.0030400811694945e-17
116	548593	1.558747396901239e-17
117	3107	1.4146651212401927e-16
118	3784	2.139147106964033e-16
119	5347	4.1306212329400567e-16
120	4609	7.554836162406964e-14
121	4791	2.026470007641809e-13
122	7077	2.2717863341547798e-13
123	10606	3.234863144253402e-13
124	4350	1.911968087640467e-12
125	2108	3.0666261735412123e-13
126	10857	4.979696699214847e-13
127	5062	2.42238475064675e-12
128	8668	1.7464115820434743e-12
129	10128	3.2127274236480883e-12
130	11345	3.435604602537462e-13
131	8565	5.245427746042899e-13
132	1029	5.178190821847691e-12
133	38	1.9260567412177066e-11
134	3030	1.928526072428524e-12
135	3336	2.3558430944524747e-11
136	5358	3.071788225535783e-11
137	2947	3.2208746943872996e-11
138	22919	3.941451155622245e-11
139	829	4.1832397898171476e-11
140	1981	6.67890980285746e-11
141	22824	7.686591518620782e-11
142	328	9.613329436272686e-11
143	10627	1.2420650636632072e-10
144	5093	1.7166300140360135e-10
145	654364	5.886496296203089e-11
146	204	1.358582181017184e-11
147	4831	2.0460862373501777e-10
148	11171	1.7782207573514475e-11
149	10480	2.3088008966555206e-11
150	64431	4.1177528550544786e-12
151	1933	4.194458371249417e-12
152	27335	2.1219927277227946e-11
153	8344	6.756186717062562e-12
154	3646	6.008149649526546e-13
155	4637	7.644570668910824e-14
156	6223	3.805959952905382e-13
157	8664	3.2732582323142335e-14
158	7417	2.1362190738870307e-14
159	7419	1.2901044358749795e-15
160	8662	8.559212204165124e-16
161	10202	4.763576960640391e-16
162	10056	2.609350745898595e-17
163	3184	2.3050101367031856e-18
164	8663	2.829018598573085e-19
165	2597	2.4672649008994237e-20
166	309	1.007245987699876e-21
167	3842	1.2184631442551468e-22
168	301	1.7233665630499282e-23
169	6204	4.105672626792697e-24
170	2023	1.6838769111590949e-25
171	498	2.0907285047727713e-26
172	1974	3.285768172708856e-27
173	203068	2.2045612591737065e-28
174	920	1.2864781262211488e-29
175	5901	8.362841463708548e-31
176	10399	5.862799150587946e-32
177	4311	4.593750071252404e-33
178	3837	2.1302352704929105e-34
179	2771	1.0955115938846192e-35
180	6146	2.802896710519631e-36
181	6189	9.981837878205673e-36
182	3921	2.5121582335403303e-36
183	3329	1.6325834098823096e-37
184	7431	1.6404105165110103e-38
185	3181	8.45478023852862e-40
186	6229	5.089631444630539e-41
187	3187	4.8249238037898436e-42
188	6203	1.4641332715439145e-42
189	6206	9.56997891415211e-44
190	3320	2.781309447388772e-44
191	6749	1.7587580748530895e-45
192	7846	3.027797615276584e-45
193	4869	9.813949334539999e-46
194	6222	6.331796300645248e-47
195	3326	2.2513315159306836e-47
196	6176	1.8535532006694372e-47
197	60	1.4903751274837495e-47
198	1654	1.617989479788584e-48
199	5245	9.752710846952695e-50
200	4691	7.96386319689467e-51
