rank	node	rank_score
1	150	179.3995
2	5295	178.898
3	1387	177.897
4	367	173.895
5	4904	170.394
6	55351	169.5895
7	2624	168.39600000000002
8	2113	163.99349999999998
9	6714	162.1975
10	27	151.699
11	50943	147.9955
12	56164	145.09300000000002
13	1499	144.87150000000003
14	375449	140.59099999999998
15	25	137.8905
16	4233	135.38600000000002
17	1500	134.576
18	3326	131.092
19	5747	125.06949999999999
20	10298	124.38499999999999
21	2064	124.17699999999999
22	219681	123.96549999999999
23	2185	123.56700000000001
24	867	123.173
25	6464	122.07750000000001
26	1445	122.07249999999999
27	3937	121.6845
28	1956	120.17999999999999
29	3932	119.67649999999999
30	5910	119.6575
31	6654	119.08400000000002
32	157285	118.58899999999998
33	5829	118.35999999999999
34	7535	117.678
35	940	117.47849999999998
36	11140	114.89650000000002
37	150709	114.7585
38	6452	114.67550000000001
39	55156	113.85050000000001
40	9576	113.0705
41	3841	112.5615
42	25852	111.45450000000001
43	11183	111.08699999999999
44	3717	109.168
45	5058	109.122
46	1501	109.056
47	8502	108.25550000000001
48	868	107.86749999999999
49	5781	107.26849999999999
50	341676	107.08800000000001
51	3815	106.96900000000001
52	23633	106.35799999999999
53	5296	106.1605
54	6850	106.06599999999999
55	2534	105.7855
56	2885	105.68299999999999
57	5777	105.37100000000001
58	3872	105.362
59	5921	105.2865
60	4690	105.072
61	5170	102.64000000000001
62	2268	100.964
63	7409	100.361
64	3667	99.8485
65	2533	97.955
66	79637	97.94449999999999
67	83737	96.66499999999999
68	1399	95.7565
69	2322	95.159
70	421	94.35
71	6446	94.315
72	11187	93.6495
73	5979	93.2595
74	2932	92.614
75	5588	91.8515
76	5335	91.6875
77	1398	91.1535
78	3702	90.981
79	10451	90.3925
80	2057	90.149
81	93436	89.644
82	1436	88.357
83	3836	88.253
84	22858	87.69149999999999
85	63978	87.28150000000001
86	3643	87.0625
87	58480	86.834
88	389840	86.7785
89	2321	86.652
90	4921	86.543
91	5318	86.2465
92	64399	84.93199999999999
93	9046	81.654
94	56995	81.473
95	9943	77.9985
96	1796	77.9525
97	2213	77.4645
98	2260	77.345
99	6774	77.1735
100	2690	76.546
101	3480	76.14349999999999
102	2066	76.0415
103	3572	75.751
104	9322	75.525
105	1020	74.49300000000001
106	5604	74.209
107	1950	72.5265
108	5566	72.30799999999999
109	8440	72.13550000000001
110	4915	71.8395
111	202374	71.4955
112	30011	70.9475
113	5594	70.21849999999999
114	916	69.93299999999999
115	140469	69.8845
116	23604	69.772
117	5294	68.9425
118	11122	68.839
119	1326	68.28999999999999
120	55620	66.838
121	10000	66.588
122	5753	64.329
123	238	62.9405
124	919	61.845499999999994
125	1124	61.6835
126	10461	60.937
127	10580	59.048
128	2549	58.275
129	2048	57.1225
130	5336	57.081999999999994
131	5770	56.7385
132	5795	56.7365
133	5163	56.721000000000004
134	695	56.342000000000006
135	208	56.02
136	6300	55.936
137	3551	53.69349999999999
138	203447	52.893499999999996
139	4067	51.866499999999995
140	4293	51.33050000000001
141	10645	51.189
142	3791	51.035000000000004
143	10188	50.3295
144	3636	50.1345
145	2241	49.87
146	64759	49.579499999999996
147	5578	49.332499999999996
148	10110	48.4895
149	660	48.3235
150	1785	47.947
151	1271	47.031
152	9047	46.6635
153	4486	46.5375
154	646892	46.475
155	10603	46.440999999999995
156	9448	46.385000000000005
157	7010	46.2255
158	29760	45.263
159	4068	45.074
160	6885	43.124
161	3568	40.105000000000004
162	5579	39.326
163	646643	38.591499999999996
164	2017	37.6195
165	3718	36.9335
166	207	36.297000000000004
167	5590	36.2825
168	8569	36.1105
169	81788	35.6765
170	10019	34.082499999999996
171	5607	34.077
172	54986	33.584
173	387694	33.5745
174	5788	33.527499999999996
175	8814	32.995
176	340156	32.792500000000004
177	7066	32.5065
178	2046	31.9175
179	5593	31.5925
180	5581	30.983500000000003
181	673	30.819
182	3091	30.809500000000003
183	7048	30.718
184	1969	29.011000000000003
185	2044	28.227999999999998
186	50616	28.200499999999998
187	11221	27.919
188	5582	27.127
189	3689	26.1315
190	2042	25.2245
191	51429	24.923
192	3265	24.5085
193	2043	24.179
194	3588	23.2165
195	6416	23.104
196	4734	20.9075
197	5037	20.5055
198	729355	19.8
199	53944	19.397
200	169436	19.3885
201	5062	19.093
202	8631	19.0215
203	57396	18.8885
204	5260	18.589
205	4792	18.5165
206	1942	17.920499999999997
207	3690	17.830000000000002
208	4215	17.284
209	29949	17.184
210	1147	17.09
211	55733	17.0855
212	3320	16.5905
213	282974	16.4945
214	4916	16.0125
215	8491	15.8105
216	5610	15.787
217	7534	15.704500000000001
218	5608	15.591
219	10971	15.507
220	56924	15.494
221	5606	15.375499999999999
222	126669	15.369499999999999
223	10044	15.0725
224	4306	14.4175
225	6772	13.906
226	369	13.418000000000001
227	6776	13.413499999999999
228	3635	13.174000000000001
229	6503	13.1035
230	94	12.9155
231	23624	12.7055
232	7533	12.612
233	8651	12.013
234	3455	12.003
235	5595	11.6095
236	285	11.516
237	55816	11.3045
238	5618	11.117
239	5599	10.912
240	408	8.725
241	5879	8.112
242	3561	7.3015
243	50846	6.9015
244	2099	6.528499999999999
245	23607	6.446000000000001
246	7529	5.402
247	7043	5.3115
248	26060	5.2225
249	7852	4.2085
250	6777	4.206
251	5803	4.133
252	1432	4.1295
253	6456	3.7275
254	10657	2.883
255	9846	2.854
256	7189	2.6704999999999997
257	2254	2.52
258	4867	2.5010000000000003
259	5584	2.404
260	9021	2.2145
261	9252	1.972
262	5159	1.5165
263	2623	1.511
264	2263	1.5085000000000002
265	3549	1.4155
266	4088	1.01
267	9564	0.9075
268	7316	0.8905
269	6622	0.6054999999999999
270	3716	0.502
271	4040	0.374
272	7157	0.301
273	103910	0.1
274	5801	0.0985
275	9542	0.097
276	100302746	0.095
277	4117	0.0945
278	4750	0.0925
279	344387	0.09
280	22848	0.0895
281	5596	0.0875
282	5580	0.0865
283	6461	0.0865
284	6196	0.08549999999999999
285	286749	0.08349999999999999
286	284948	0.08299999999999999
287	26118	0.08299999999999999
288	167359	0.081
289	80831	0.0805
290	65125	0.08
291	5681	0.08
292	23012	0.0795
293	5894	0.079
294	51347	0.078
295	79858	0.077
296	116449	0.0765
297	4296	0.076
298	7294	0.076
299	6794	0.076
300	5586	0.0755
301	640	0.0745
302	84951	0.0735
303	7145	0.0725
304	399694	0.072
305	26524	0.072
306	10602	0.071
307	283106	0.0705
308	894	0.0705
309	4217	0.0665
310	283455	0.0595
311	7867	0.0445
312	1852	0.039
313	4846	0.028499999999999998
314	324	0.010499999999999999
315	3565	0.009
316	7161	0.008
317	3586	0.008
318	2688	0.0075
319	4920	0.007000000000000001
320	3556	0.006500000000000001
321	91653	0.006
322	998	0.0045
323	22943	0.0045
324	4914	0.0045
325	3688	0.004
326	7128	0.004
327	128853	0.0035000000000000005
328	3656	0.0035000000000000005
329	9479	0.0025
330	9261	0.0025
331	3596	0.0015
332	3984	0.0005
