rank	node	rank_score
1	150	180.1
2	5295	179.1995
3	1387	178.199
4	367	177.4985
5	646643	176.398
6	55351	175.4975
7	22858	164.4865
8	3326	164.079
9	340156	162.5685
10	157285	161.38899999999998
11	140469	160.9815
12	50943	160.5885
13	11140	159.56900000000002
14	8814	158.2875
15	1326	157.4845
16	23012	155.472
17	169436	155.09650000000002
18	140901	154.46800000000002
19	2624	150.893
20	2113	150.89000000000001
21	9064	149.5665
22	81788	149.2855
23	375449	147.6895
24	79858	143.4765
25	10000	142.26500000000001
26	730211	140.8675
27	344387	140.28699999999998
28	5608	137.683
29	5607	137.57750000000001
30	2289	136.7655
31	3320	136.763
32	85481	135.86700000000002
33	149420	134.9645
34	6794	134.373
35	207	126.4615
36	5606	125.57150000000001
37	4217	119.65799999999999
38	1021	118.064
39	53944	115.497
40	65975	115.3955
41	673	113.35900000000001
42	369	112.8595
43	1022	112.561
44	282974	112.0755
45	5894	111.15599999999999
46	1019	109.8625
47	1969	108.9565
48	8621	108.8635
49	3327	106.362
50	664618	106.0605
51	26524	103.357
52	894	103.1575
53	2064	102.6525
54	2932	101.838
55	5566	101.0435
56	5156	99.4555
57	4771	98.654
58	1030	97.9545
59	6795	97.16
60	2911	97.155
61	11014	95.453
62	2264	95.2535
63	8678	95.252
64	3091	94.947
65	84662	94.651
66	11186	94.5515
67	8463	93.25
68	7015	92.5505
69	4233	90.9495
70	7157	90.8445
71	405	90.3485
72	283455	89.73949999999999
73	51343	89.549
74	898	88.548
75	65061	87.3815
76	3082	87.2475
77	1499	86.341
78	1029	85.8465
79	5058	85.84200000000001
80	1031	85.345
81	5604	84.94
82	960	84.84549999999999
83	4904	84.282
84	5170	82.4325
85	4194	82.24600000000001
86	4609	81.94300000000001
87	23624	81.144
88	1432	80.7375
89	728642	79.9835
90	6790	79.1415
91	1500	78.532
92	5562	78.05850000000001
93	7248	77.437
94	5594	77.227
95	3323	76.479
96	56164	76.3905
97	202374	75.09400000000001
98	8502	74.0285
99	6714	72.34049999999999
100	26750	69.58099999999999
101	3841	68.626
102	56924	68.19149999999999
103	5599	67.928
104	4117	67.893
105	23604	67.586
106	5747	67.536
107	25852	67.124
108	6446	66.7735
109	54986	66.588
110	51347	66.57849999999999
111	421	66.422
112	5979	66.2295
113	4750	66.191
114	219681	65.825
115	10110	65.5735
116	6885	65.566
117	5910	65.12
118	150709	64.92150000000001
119	10645	64.876
120	63978	64.285
121	22848	64.1925
122	9448	63.7795
123	9576	63.427499999999995
124	5128	63.284000000000006
125	57396	63.283500000000004
126	9833	62.577
127	1025	62.2805
128	23387	60.98
129	1020	60.894499999999994
130	10602	60.282500000000006
131	79705	59.69199999999999
132	29949	58.778
133	1956	58.6315
134	867	58.629999999999995
135	5567	58.477
136	1501	58.31949999999999
137	3667	56.8235
138	8428	55.6725
139	11183	55.394000000000005
140	11187	54.9125
141	2268	54.434000000000005
142	5829	54.4265
143	8491	52.9935
144	57172	52.769499999999994
145	3480	52.722500000000004
146	6654	51.419000000000004
147	3872	51.415499999999994
148	6300	50.114999999999995
149	23633	49.6145
150	3836	49.417
151	2185	49.0255
152	6464	48.021
153	3551	46.739
154	57118	45.770500000000006
155	3717	45.723
156	5925	45.35
157	55156	45.0135
158	84441	44.8805
159	56957	43.6355
160	7867	42.840999999999994
161	208	42.165499999999994
162	5781	42.116499999999995
163	4193	41.8455
164	4921	41.513
165	5318	41.5095
166	1445	41.2175
167	2648	41.153499999999994
168	5062	38.996
169	9943	38.5955
170	3932	37.918
171	5593	37.7935
172	79637	37.307
173	9891	37.1665
174	93436	36.6075
175	5588	35.811
176	10273	35.7425
177	7534	35.433
178	389840	34.6755
179	25	34.6245
180	10298	33.516
181	10420	33.483000000000004
182	27	33.314
183	868	31.907999999999998
184	5581	31.531
185	7535	30.608500000000003
186	7161	30.240499999999997
187	2065	29.603499999999997
188	1399	28.6025
189	5605	28.371500000000005
190	814	28.274
191	3702	27.709000000000003
192	3937	27.51
193	5777	27.5055
194	3265	27.238
195	4215	26.962
196	5296	26.801
197	2623	26.5605
198	5590	26.134500000000003
199	7409	25.603999999999996
200	2534	25.5115
201	5603	25.4585
202	6850	25.404500000000002
203	2057	25.103
204	940	24.105
205	6732	23.943
206	6452	23.6065
207	57521	22.657
208	4296	22.5385
209	2322	22.302
210	2885	22.0015
211	10580	21.8185
212	6416	21.3495
213	5728	20.335
214	2533	20.106
215	10971	19.7305
216	2321	19.611
217	1398	19.4005
218	2580	19.294999999999998
219	341676	18.674500000000002
220	91754	18.488
221	415116	18.389
222	7533	18.229000000000003
223	3815	17.9015
224	7529	16.720499999999998
225	284086	16.584
226	4690	14.502500000000001
227	2309	13.744
228	3643	13.715
229	2260	13.501999999999999
230	9344	13.268
231	2213	13.1005
232	10461	12.7265
233	2066	11.916
234	58480	11.421000000000001
235	1147	10.858
236	84254	10.671
237	83737	10.614
238	2690	10.609
239	2017	10.5335
240	8569	10.53
241	9046	9.708
242	2308	9.5365
243	4486	9.412
244	7531	9.245000000000001
245	9322	8.7105
246	7532	8.241499999999998
247	660	7.901000000000001
248	695	6.410500000000001
249	7189	6.125
250	9261	5.831
251	3572	5.805
252	5294	5.7045
253	10746	5.65
254	1859	5.539499999999999
255	5921	5.5075
256	5795	5.0085
257	4214	4.949
258	11122	4.5065
259	408	4.2275
260	7128	3.836
261	55620	3.818
262	1436	3.5025
263	5335	3.304
264	4915	3.3034999999999997
265	6774	3.2010000000000005
266	916	2.215
267	919	1.7145
268	5753	1.4015
269	4734	1.311
270	5770	0.603
271	8440	0.51
272	1950	0.20350000000000001
273	5578	0.20099999999999998
274	203447	0.094
275	5260	0.0925
276	1456	0.0915
277	23552	0.08449999999999999
278	91807	0.08449999999999999
279	26118	0.08299999999999999
280	817	0.0785
281	28951	0.078
282	5583	0.0755
283	5127	0.075
284	65266	0.073
285	140609	0.072
286	8536	0.06999999999999999
287	6197	0.0675
288	5891	0.065
289	167359	0.065
290	816	0.063
291	6195	0.05600000000000001
292	4140	0.05500000000000001
293	4216	0.05450000000000001
294	9641	0.053500000000000006
295	8844	0.052500000000000005
296	5610	0.051000000000000004
297	2099	0.042499999999999996
298	5609	0.034999999999999996
299	23327	0.034
300	8878	0.0335
301	5595	0.0305
302	11221	0.025500000000000002
303	5037	0.024
304	4293	0.0215
305	5163	0.014000000000000002
306	3791	0.0085
307	7048	0.004
308	5579	0.0005
