rank	node	rank_score
1	1141	180.1
2	5066	179.1995
3	3356	178.299
4	11255	176.9985
5	5179	176.198
6	2849	175.89749999999998
7	117	173.89600000000002
8	1742	173.297
9	79971	173.2955
10	575	171.7965
11	3269	171.394
12	6543	169.995
13	2861	169.1945
14	51167	149.5935
15	221491	147.09300000000002
16	1386	133.892
17	2562	131.6845
18	4904	129.547
19	57574	127.79249999999999
20	2554	123.28800000000001
21	821	120.1885
22	9816	110.9915
23	2566	105.98499999999999
24	2561	105.28400000000002
25	5578	105.24749999999999
26	51046	100.5865
27	2898	95.7485
28	2903	89.968
29	221188	89.893
30	2902	87.8585
31	2185	86.0495
32	2904	82.26
33	3643	81.6235
34	815	77.9605
35	10683	72.89099999999999
36	1739	72.1735
37	79935	71.9915
38	10011	70.691
39	4985	69.7885
40	5579	69.363
41	51384	68.987
42	4846	68.7525
43	2113	65.407
44	5295	64.73299999999999
45	367	63.467000000000006
46	808	61.653999999999996
47	490	59.25449999999999
48	5581	57.6605
49	6714	54.849000000000004
50	1499	54.512
51	9229	53.364999999999995
52	2624	52.912
53	2534	47.8505
54	3761	47.4855
55	25852	47.2105
56	5583	47.058
57	8502	46.9125
58	2915	46.581
59	9863	45.561
60	1501	45.1155
61	493	44.37
62	2768	44.331
63	153	44.144999999999996
64	2596	42.4815
65	5582	42.334500000000006
66	1741	42.0675
67	10672	41.959500000000006
68	6236	41.782
69	1740	41.1695
70	2931	41.1575
71	58512	39.7645
72	5910	39.4045
73	2890	38.87050000000001
74	219681	38.708
75	55156	38.607
76	9228	38.3615
77	5566	38.1695
78	3759	37.8575
79	22941	37.8535
80	5587	37.260000000000005
81	1500	36.522000000000006
82	54929	36.391
83	6464	35.925
84	9144	35.589999999999996
85	2859	35.5895
86	11152	35.589
87	56413	35.489
88	56994	35.487
89	115330	34.8875
90	90522	34.886
91	57105	34.777
92	5747	34.6195
93	9772	34.48350000000001
94	805	34.184000000000005
95	3358	34.18300000000001
96	56164	34.155
97	801	33.883500000000005
98	1387	33.871500000000005
99	3357	33.7825
100	54020	33.782
101	57142	33.777499999999996
102	5470	33.68300000000001
103	114	33.3825
104	6197	33.3455
105	3667	33.3175
106	9576	33.201499999999996
107	5475	32.9805
108	2771	32.684000000000005
109	128153	32.479
110	10399	32.439499999999995
111	6640	32.374
112	4760	32.185
113	814	32.086
114	6199	31.9335
115	3780	31.878499999999995
116	8536	31.585500000000003
117	10645	31.484500000000004
118	2917	31.476999999999997
119	5899	31.374000000000002
120	3480	31.1135
121	84223	31.075499999999998
122	5590	31.034000000000002
123	9758	30.971000000000004
124	3739	30.773000000000003
125	6262	30.5765
126	3736	30.5725
127	150709	30.402499999999996
128	3738	30.372000000000003
129	3841	30.2075
130	3741	30.1715
131	2977	29.869
132	3689	29.8005
133	5116	29.679499999999997
134	156	29.663999999999998
135	421	29.606
136	3706	29.473000000000003
137	5037	29.423000000000002
138	1956	29.4175
139	5786	29.1455
140	6261	29.075
141	5331	29.0725
142	491	28.966499999999996
143	7534	28.861
144	6915	28.766999999999996
145	51248	28.766
146	94274	28.6675
147	1385	28.390499999999996
148	9419	28.166999999999994
149	10329	27.9655
150	11214	27.8585
151	1815	27.843
152	2840	27.7615
153	57555	27.564
154	728	27.557
155	409	27.3565
156	5170	27.326
157	3717	26.9185
158	4638	26.8685
159	818	26.77
160	2885	26.4435
161	84254	26.369
162	867	26.3225
163	1816	26.1575
164	6010	25.951
165	4792	25.9255
166	63978	25.8635
167	816	25.768
168	89780	25.6685
169	5144	25.628499999999995
170	23513	25.4595
171	3925	25.2665
172	2905	25.262
173	10276	25.258000000000003
174	85358	25.25
175	642968	24.859
176	2057	24.807499999999997
177	25	24.738999999999997
178	150	24.6535
179	5781	24.6215
180	5318	24.607999999999997
181	120406	24.556
182	22839	24.548000000000002
183	88	24.256999999999998
184	55914	24.2565
185	50943	23.5445
186	2030	23.463
187	204851	23.454500000000003
188	1398	23.335500000000003
189	5294	23.201
190	8506	22.8705
191	9020	22.8495
192	5335	22.741500000000002
193	2064	22.419999999999998
194	5791	22.345999999999997
195	6539	22.2555
196	6654	22.215
197	6850	22.211000000000002
198	4690	22.137
199	5777	22.018
200	5979	22.0125
201	3872	21.901
202	4921	21.701999999999998
203	2011	21.648500000000002
204	23387	21.551499999999997
205	1399	21.517000000000003
206	10755	21.349
207	3551	21.032
208	55351	20.938499999999998
209	23683	20.8555
210	868	20.809
211	3815	20.222
212	2213	20.1065
213	6452	19.5055
214	11187	19.5035
215	5338	19.442500000000003
216	23633	19.101499999999998
217	6655	18.44
218	6196	18.2475
219	2932	18.1375
220	128853	17.938499999999998
221	2764	17.84
222	27	17.8205
223	2151	17.637999999999998
224	56955	17.634999999999998
225	6300	17.4135
226	2322	17.214
227	7409	17.2085
228	134	17.183500000000002
229	80831	17.1365
230	9784	17.1325
231	3937	17.103
232	2781	17.083000000000002
233	4036	17.066
234	4924	16.982499999999998
235	5909	16.912
236	2775	16.881999999999998
237	81788	16.847
238	3572	16.808
239	2785	16.7815
240	27069	16.7755
241	5594	16.7365
242	2770	16.681
243	1748	16.6345
244	6000	16.5805
245	10000	16.532999999999998
246	11122	16.5125
247	2150	16.48
248	2773	16.48
249	57165	16.3795
250	8490	16.3795
251	64714	16.334
252	54681	16.279
253	2782	16.2785
254	4293	16.216
255	2788	16.179
256	1318	16.1785
257	93436	16.1005
258	333926	16.078
259	2790	16.078
260	5296	16.0095
261	5588	16.003999999999998
262	59345	15.977500000000001
263	831	15.931999999999999
264	2791	15.876499999999998
265	4137	15.834999999999999
266	2786	15.777000000000001
267	91252	15.775
268	6252	15.676499999999999
269	2787	15.675999999999998
270	2550	15.631499999999999
271	10278	15.631
272	613	15.626499999999998
273	1233	15.575999999999999
274	2778	15.5755
275	3897	15.55
276	5770	15.514
277	11018	15.4745
278	4544	15.472
279	3326	15.438999999999998
280	9472	15.4305
281	2783	15.375
282	5829	15.312999999999999
283	94235	15.2745
284	5082	15.174000000000001
285	51206	15.075999999999999
286	54331	15.0725
287	6195	15.039499999999999
288	10681	14.972999999999999
289	1452	14.9305
290	3400	14.930000000000001
291	50807	14.929000000000002
292	2793	14.873500000000002
293	7535	14.803999999999998
294	2792	14.7715
295	1795	14.729500000000002
296	259249	14.671000000000001
297	2889	14.627500000000001
298	940	14.6035
299	4543	14.565999999999999
300	58480	14.506499999999999
301	2767	14.4655
302	10971	14.4235
303	6446	14.4195
304	6002	14.365
305	10636	14.264500000000002
306	644	14.1805
307	8601	14.163499999999999
308	4688	14.061000000000002
309	774	13.970500000000001
310	6004	13.87
311	2697	13.8465
312	2776	13.769499999999999
313	9252	13.741
314	7442	13.559000000000001
315	79637	13.505500000000001
316	60626	13.4685
317	6237	13.428
318	1901	13.367500000000001
319	64407	13.269
320	1796	13.224
321	9103	13.124500000000001
322	9564	13.026499999999999
323	10287	12.963
324	5562	12.952000000000002
325	154	12.8625
326	6001	12.762
327	2533	12.701
328	3716	12.616
329	55970	12.559000000000001
330	5999	12.4665
331	2911	12.3585
332	64399	12.314
333	4915	12.2165
334	1445	12.124500000000001
335	9737	12.086
336	408	11.9605
337	9248	11.86
338	2066	11.8115
339	2690	11.702
340	2316	11.6545
341	2065	11.51
342	22943	11.5095
343	87	11.0495
344	2906	10.966
345	3836	10.903
346	817	10.8655
347	554	10.853
348	57118	10.6565
349	8573	10.648
350	53904	10.5525
351	5906	10.5405
352	207	10.5325
353	56940	10.440999999999999
354	2870	10.352
355	2869	10.2515
356	50616	10.1045
357	5021	10.0465
358	4233	9.905
359	3455	9.703999999999999
360	23604	9.654
361	9368	9.549
362	140469	9.543000000000001
363	9322	9.510499999999999
364	23236	9.4485
365	375449	9.3505
366	26750	9.25
367	185	9.2405
368	7533	9.227
369	208	9.1135
370	2046	9.102
371	7852	9.0505
372	157285	8.949
373	887	8.9375
374	7161	8.9315
375	54899	8.853
376	3973	8.839
377	9495	8.6675
378	25865	8.532
379	57540	8.446
380	1326	8.443999999999999
381	2308	8.3285
382	1950	8.2025
383	4916	8.142
384	3932	8.0085
385	8814	7.9425
386	157	7.85
387	54986	7.8420000000000005
388	5567	7.638
389	7529	7.6209999999999996
390	10602	7.4365
391	1271	7.405500000000001
392	11183	7.336499999999999
393	673	7.223999999999999
394	11250	7.136
395	29949	6.938
396	5058	6.9265
397	9187	6.9254999999999995
398	1436	6.900499999999999
399	55824	6.841500000000001
400	29998	6.827
401	5775	6.736
402	85455	6.734
403	92591	6.726000000000001
404	9448	6.6370000000000005
405	4194	6.623
406	55733	6.536
407	23114	6.533499999999999
408	9046	6.5015
409	2048	6.403999999999999
410	607	6.3305
411	5604	6.3245
412	10580	6.1235
413	3568	6.103
414	55620	5.9135
415	1859	5.82
416	55816	5.3025
417	5584	4.8225
418	50846	4.8055
419	5610	4.417
420	8440	4.401000000000001
421	10298	4.311
422	3588	4.3035
423	2260	3.9215000000000004
424	8569	3.9105
425	2044	3.5025
426	4486	3.4075
427	182	3.4034999999999997
428	5921	2.823
429	285	2.7015000000000002
430	8651	2.5164999999999997
431	27289	2.201
432	91653	1.905
433	10461	1.903
434	6469	1.8085
435	3549	1.7045000000000001
436	11221	1.5070000000000001
437	2321	1.1505
438	660	1.1015000000000001
439	4929	0.806
440	3702	0.5255
441	9223	0.3005
442	10603	0.2225
443	10451	0.14350000000000002
444	3636	0.123
445	7253	0.10049999999999999
446	8665	0.0905
447	11016	0.09
448	389177	0.09
449	57863	0.0895
450	64386	0.089
451	3726	0.0885
452	4790	0.088
453	149478	0.0875
454	10590	0.087
455	25817	0.0865
456	2354	0.086
457	1649	0.08549999999999999
458	2862	0.08549999999999999
459	571	0.08499999999999999
460	466	0.08449999999999999
461	122953	0.08399999999999999
462	468	0.08349999999999999
463	9568	0.08299999999999999
464	8061	0.08249999999999999
465	4082	0.08249999999999999
466	9935	0.08199999999999999
467	4094	0.08149999999999999
468	25864	0.08149999999999999
469	9586	0.081
470	78987	0.081
471	1054	0.0805
472	7102	0.0805
473	55509	0.08
474	3786	0.08
475	7153	0.08
476	1050	0.0795
477	160140	0.0795
478	1052	0.079
479	1053	0.0785
480	467	0.078
481	3725	0.0775
482	10538	0.077
483	4779	0.0765
484	7074	0.0765
485	4097	0.076
486	846	0.076
487	1628	0.0755
488	23125	0.0755
489	3131	0.075
490	7008	0.0745
491	2355	0.074
492	116071	0.0735
493	1051	0.073
494	4783	0.0725
495	60312	0.0725
496	22809	0.072
497	727758	0.071
498	3727	0.0705
499	222659	0.06999999999999999
500	3781	0.06999999999999999
501	2033	0.06949999999999999
502	4302	0.06899999999999999
503	9421	0.06899999999999999
504	554226	0.0685
505	10014	0.0685
506	7975	0.068
507	146862	0.0675
508	6364	0.067
509	4780	0.0665
510	54475	0.066
511	23764	0.0655
512	9603	0.065
513	6331	0.065
514	60468	0.0645
515	5071	0.0645
516	359948	0.064
517	6853	0.064
518	4778	0.0635
519	3359	0.0635
520	56664	0.063
521	55672	0.0625
522	9725	0.0625
523	92565	0.062
524	1843	0.0615
525	11243	0.061
526	3066	0.0605
527	6774	0.06
528	152687	0.0595
529	3053	0.059
530	2908	0.058499999999999996
531	2149	0.058499999999999996
532	255403	0.057999999999999996
533	9024	0.057999999999999996
534	100462977	0.057499999999999996
535	80790	0.057499999999999996
536	10891	0.056999999999999995
537	84962	0.056499999999999995
538	5970	0.05600000000000001
539	6721	0.05550000000000001
540	692086	0.05500000000000001
541	1394	0.05500000000000001
542	5593	0.05500000000000001
543	602	0.05450000000000001
544	19	0.05450000000000001
545	6720	0.054000000000000006
546	8825	0.054000000000000006
547	8321	0.054000000000000006
548	51292	0.053500000000000006
549	3768	0.053500000000000006
550	6667	0.053000000000000005
551	114786	0.053000000000000005
552	108281161	0.052500000000000005
553	64130	0.052500000000000005
554	10202	0.052000000000000005
555	729230	0.052000000000000005
556	320	0.052000000000000005
557	6908	0.051500000000000004
558	1209	0.051500000000000004
559	55327	0.051500000000000004
560	6794	0.051500000000000004
561	54663	0.051000000000000004
562	55530	0.051000000000000004
563	4355	0.051000000000000004
564	6256	0.0505
565	143098	0.0505
566	80344	0.05
567	100462981	0.0495
568	9201	0.0495
569	4140	0.0495
570	3661	0.049
571	2099	0.0485
572	8343	0.048
573	5607	0.048
574	4130	0.048
575	25942	0.0475
576	2959	0.047
577	10110	0.047
578	441951	0.0465
579	10044	0.0465
580	3397	0.046
581	22848	0.046
582	6597	0.0455
583	1601	0.0455
584	26765	0.045
585	8553	0.0445
586	8324	0.0445
587	3570	0.0445
588	387254	0.044
589	5739	0.044
590	284427	0.044
591	55269	0.0435
592	23235	0.0435
593	129025	0.043
594	552	0.043
595	6772	0.042499999999999996
596	2475	0.042499999999999996
597	11209	0.041999999999999996
598	2137	0.041999999999999996
599	3172	0.041499999999999995
600	57396	0.041499999999999995
601	59350	0.041499999999999995
602	100463486	0.040999999999999995
603	857	0.040999999999999995
604	6938	0.0405
605	127933	0.0405
606	9475	0.0405
607	3760	0.0405
608	23753	0.04
609	7531	0.04
610	3762	0.04
611	2962	0.0395
612	1847	0.0395
613	4215	0.0395
614	648691	0.039
615	10746	0.039
616	27156	0.0385
617	22920	0.0385
618	7532	0.0385
619	3659	0.038
620	150223	0.0375
621	9064	0.0375
622	10782	0.037
623	4217	0.037
624	9826	0.0365
625	2810	0.0365
626	6598	0.036
627	9609	0.0355
628	572	0.0355
629	55290	0.034999999999999996
630	5894	0.034999999999999996
631	164592	0.034499999999999996
632	23759	0.034
633	5598	0.034
634	2972	0.0335
635	84441	0.0335
636	55814	0.033
637	140883	0.0325
638	369	0.0325
639	23532	0.032
640	3320	0.032
641	26226	0.0315
642	8048	0.0315
643	10009	0.031
644	79097	0.0305
645	83543	0.03
646	2017	0.03
647	7518	0.0295
648	7465	0.0295
649	114784	0.0295
650	8021	0.028999999999999998
651	1793	0.028999999999999998
652	7936	0.028499999999999998
653	84929	0.028000000000000004
654	1020	0.028000000000000004
655	5595	0.028000000000000004
656	9324	0.027500000000000004
657	5599	0.027500000000000004
658	100506241	0.027000000000000003
659	9126	0.026000000000000002
660	29799	0.025500000000000002
661	3059	0.025500000000000002
662	6722	0.025
663	2268	0.025
664	5297	0.0245
665	4601	0.024
666	6622	0.024
667	9342	0.0235
668	7010	0.0235
669	4609	0.023
670	6416	0.023
671	10155	0.0225
672	6885	0.0225
673	51341	0.022
674	8940	0.0215
675	51548	0.020999999999999998
676	916	0.020999999999999998
677	26801	0.020499999999999997
678	1432	0.020499999999999997
679	50854	0.02
680	238	0.02
681	9774	0.0195
682	9659	0.019
683	5159	0.019
684	7290	0.0185
685	9869	0.018
686	919	0.018
687	80764	0.017499999999999998
688	3718	0.017499999999999998
689	5782	0.017
690	905	0.0165
691	30011	0.0165
692	924	0.016
693	4294	0.016
694	5753	0.016
695	7392	0.0155
696	64976	0.015
697	4306	0.015
698	140690	0.014499999999999999
699	27037	0.014000000000000002
700	2811	0.014000000000000002
701	2254	0.014000000000000002
702	6872	0.013500000000000002
703	3791	0.013500000000000002
704	286336	0.013000000000000001
705	5795	0.013000000000000001
706	5902	0.0125
707	8970	0.0115
708	1785	0.0115
709	2812	0.011
710	128989	0.010499999999999999
711	9261	0.010499999999999999
712	1958	0.01
713	5609	0.01
714	347148	0.0095
715	6886	0.009
716	9479	0.009
717	106479563	0.0085
718	3013	0.008
719	7182	0.0075
720	7867	0.007000000000000001
721	5793	0.007000000000000001
722	85236	0.006500000000000001
723	5600	0.006500000000000001
724	26147	0.006
725	1852	0.006
726	10188	0.006
727	6688	0.0055
728	1192	0.005
729	94	0.005
730	1942	0.005
731	5788	0.005
732	8969	0.0045
733	3556	0.0045
734	83737	0.0045
735	9127	0.004
736	10127	0.0035000000000000005
737	3690	0.0035000000000000005
738	79680	0.003
739	4067	0.003
740	54584	0.0025
741	7066	0.0025
742	8294	0.002
743	695	0.002
744	3017	0.0015
745	10023	0.0015
746	2549	0.0015
747	106627982	0.001
748	3586	0.001
749	5336	0.001
750	51586	0.0005
