rank	node	rank_score
1	3836	174.499
2	5925	173.2
3	1499	172.5975
4	1501	171.98899999999998
5	150709	167.7995
6	9576	167.096
7	867	163.99650000000003
8	3575	163.45999999999998
9	367	162.69549999999998
10	3872	162.1885
11	3643	159.594
12	3841	158.7835
13	1500	158.1915
14	2064	156.387
15	8502	154.2845
16	2113	153.0625
17	79637	152.89249999999998
18	1956	152.791
19	5979	152.48499999999999
20	219681	151.692
21	27	150.4805
22	6464	150.288
23	421	148.37849999999997
24	25852	147.28
25	10461	145.9765
26	5747	145.5905
27	5910	144.7715
28	3480	143.193
29	5594	142.879
30	6654	141.88600000000002
31	2044	140.8775
32	2057	140.2825
33	5296	140.1935
34	3717	139.077
35	5770	138.998
36	55156	138.4865
37	6714	138.197
38	5781	137.78199999999998
39	11187	136.87449999999998
40	2690	136.5795
41	23633	135.68099999999998
42	5777	132.873
43	940	131.978
44	93436	131.5755
45	2099	130.0985
46	7409	129.374
47	5295	126.6815
48	5318	125.57000000000001
49	2885	124.272
50	6452	124.06949999999999
51	2066	121.68400000000001
52	1399	121.671
53	2065	121.075
54	3572	119.5705
55	1398	117.8895
56	55620	117.547
57	3932	116.76599999999999
58	2322	116.46700000000001
59	6850	116.2665
60	2048	116.152
61	4294	115.36749999999999
62	3815	114.16399999999999
63	868	113.96900000000001
64	3937	113.86100000000002
65	5578	113.45
66	4921	112.3685
67	7535	111.165
68	1432	110.745
69	4233	110.083
70	2185	108.4635
71	5829	108.2645
72	2534	106.9595
73	2213	105.95750000000001
74	10298	104.6615
75	5595	104.11949999999999
76	9479	104.04
77	2533	101.8555
78	9046	100.762
79	1445	100.576
80	5618	99.349
81	7010	98.6515
82	2260	98.0735
83	2321	97.268
84	4690	96.963
85	5294	94.154
86	11122	93.88550000000001
87	5602	93.457
88	3702	93.2535
89	1436	91.455
90	1852	91.0725
91	1271	89.8545
92	50616	87.9275
93	83737	86.6655
94	4915	86.5505
95	1969	86.26050000000001
96	30011	86.15799999999999
97	3791	85.343
98	3636	84.846
99	5795	84.84400000000001
100	3718	84.33
101	58480	83.856
102	916	83.459
103	408	81.9425
104	8440	81.0565
105	4734	80.39
106	4486	80.139
107	10603	79.648
108	10580	78.4485
109	11221	78.43199999999999
110	2033	78.3985
111	5753	77.1455
112	3091	76.726
113	7066	76.62950000000001
114	4303	76.59400000000001
115	5335	75.9525
116	7534	73.9185
117	5604	72.91749999999999
118	50943	72.627
119	919	70.7435
120	2624	70.7335
121	5921	70.541
122	6772	68.8495
123	3690	68.435
124	660	67.7385
125	1387	66.9115
126	5241	65.066
127	5588	64.5415
128	64399	64.025
129	3561	63.912
130	3568	63.0585
131	7316	62.701
132	6497	62.20399999999999
133	238	60.636
134	6300	60.1355
135	5058	59.93150000000001
136	10451	55.8445
137	5170	55.838
138	2046	55.82899999999999
139	2263	55.6225
140	4904	55.540499999999994
141	4916	55.1475
142	9261	55.0125
143	9322	54.4375
144	7867	54.4015
145	2932	53.0105
146	150	52.5465
147	5579	52.2155
148	4067	51.32000000000001
149	5879	49.937
150	5788	49.423
151	695	49.351
152	5468	47.202
153	6416	46.7395
154	1942	45.314
155	3588	45.2035
156	7157	44.7875
157	6777	43.827999999999996
158	3689	42.3135
159	2549	40.3255
160	1785	39.553
161	4088	39.12050000000001
162	23624	38.618
163	3549	38.3745
164	5566	37.2365
165	8631	35.731
166	8648	35.492
167	998	34.528499999999994
168	285	34.333
169	5159	33.942
170	4089	33.201
171	7852	31.224
172	3565	30.709000000000003
173	324	28.811
174	4293	28.606
175	5163	26.931
176	6446	25.6235
177	2042	24.0325
178	7161	23.413
179	9846	22.1165
180	673	22.0165
181	5336	21.014499999999998
182	63978	20.509999999999998
183	7048	20.306
184	2475	20.1
185	100302746	19.892500000000002
186	894	19.7965
187	5582	19.617
188	3065	19.4945
189	3455	19.124000000000002
190	8651	18.605
191	2043	17.509999999999998
192	2688	16.7365
193	6885	15.621500000000001
194	4792	15.426499999999999
195	3556	15.002500000000001
196	54206	14.616
197	29760	13.609
198	7529	13.4055
199	51429	12.7075
200	2623	12.2095
201	26060	11.4345
202	3586	11.3085
203	2017	10.5305
204	7043	10.2075
205	9021	10.121
206	6503	9.8065
207	3055	9.713
208	7046	9.1045
209	4867	8.6115
210	10971	7.815
211	9564	7.622
212	23607	6.2005
213	94	5.9030000000000005
214	3984	5.4165
215	558	4.919
216	5527	4.6305
217	8569	4.4079999999999995
218	2254	4.404
219	55816	4.3245
220	5610	4.134
221	5580	2.8975
222	3716	2.209
223	10657	2.2030000000000003
224	4306	2.006
225	3635	1.9024999999999999
226	2268	1.6004999999999998
227	613	1.5065
228	5584	1.1085
229	10499	1.08
230	64759	0.906
231	2209	0.8035
232	50846	0.74
233	1859	0.7055
234	5600	0.3035
235	5923	0.1
236	79109	0.099
237	860	0.0985
238	164091	0.0985
239	1027	0.098
240	6597	0.0975
241	3487	0.0955
242	261729	0.0955
243	1850	0.0955
244	55966	0.095
245	22801	0.095
246	4609	0.0945
247	80824	0.0935
248	2309	0.093
249	1846	0.0925
250	5792	0.0865
251	672	0.062
252	7421	0.058499999999999996
253	51561	0.0475
254	7294	0.0455
255	5467	0.0375
256	6622	0.037
257	3552	0.037
258	10023	0.0325
259	6868	0.032
260	2100	0.027500000000000004
261	10818	0.026500000000000003
262	2317	0.0235
263	6001	0.022
264	2908	0.0185
265	3553	0.018
266	9252	0.017499999999999998
267	5801	0.016
268	1613	0.0155
269	6732	0.015
270	5803	0.014499999999999999
271	6256	0.012
272	369	0.0115
273	1796	0.011
274	1213	0.0085
275	841	0.008
276	8945	0.008
277	5140	0.007000000000000001
278	5894	0.006
279	208	0.0055
280	6461	0.0045
281	10019	0.0035000000000000005
282	646892	0.003
283	6667	0.0025
284	2316	0.0025
285	2625	0.0025
