rank	node	rank_score
1	6891	180.1
2	6892	179.1995
3	6890	178.199
4	567	177.0985
5	3135	176.098
6	811	176.097
7	3134	174.996
8	2923	173.7965
9	3105	172.89749999999998
10	10859	171.9955
11	10288	171.095
12	925	170.1945
13	821	169.294
14	912	168.2935
15	3824	167.39249999999998
16	10134	166.193
17	1315	164.59099999999998
18	22820	163.6905
19	3732	162.09
20	3109	161.1895
21	967	159.48899999999998
22	3108	158.388
23	3675	157.5885
24	972	157.2875
25	3655	156.487
26	928	155.7865
27	975	154.4855
28	5738	154.086
29	3688	153.3845
30	7106	152.885
31	977	151.78400000000002
32	4179	150.3835
33	963	149.88299999999998
34	931	148.5815
35	3676	147.5825
36	6513	147.192
37	2515	146.382
38	8754	146.081
39	3679	144.0805
40	3673	144.0795
41	961	141.879
42	1293	141.4785
43	7057	140.278
44	948	138.7765
45	3690	137.277
46	3685	136.3775
47	3674	135.676
48	3386	134.9755
49	2812	134.475
50	2811	132.2745
51	3491	131.674
52	3693	130.4735
53	5029	128.972
54	3678	127.57300000000001
55	2335	126.07000000000001
56	27329	125.7725
57	1277	124.069
58	7052	123.7705
59	1278	123.1685
60	4856	122.4695
61	7450	121.36800000000001
62	6696	120.471
63	4318	119.46700000000001
64	6678	117.2675
65	960	113.6665
66	5354	106.17150000000001
67	80781	105.06599999999999
68	5829	104.0095
69	7058	99.363
70	4052	97.66
71	1101	95.4595
72	3822	89.4915
73	1634	88.8655
74	4313	87.664
75	1280	86.962
76	7040	86.5625
77	3680	85.412
78	4316	84.66499999999999
79	633	84.26050000000001
80	1285	81.2635
81	7045	80.4615
82	1286	79.561
83	3964	78.47999999999999
84	3694	72.259
85	79139	72.0915
86	3672	69.0445
87	7094	68.36949999999999
88	550	67.6395
89	2199	66.9585
90	7422	66.3375
91	1282	64.55799999999999
92	5549	64.05199999999999
93	4811	63.652499999999996
94	3339	63.451499999999996
95	1490	62.9505
96	5310	62.864999999999995
97	2200	62.55
98	1305	61.1485
99	1284	60.657500000000006
100	2192	60.150999999999996
101	2006	60.1495
102	4147	59.956999999999994
103	22795	59.849000000000004
104	1288	59.056
105	1287	58.755500000000005
106	351	58.753
107	22918	58.55650000000001
108	3371	57.810500000000005
109	1839	57.6645
110	3026	57.654999999999994
111	4237	56.848
112	5653	56.753499999999995
113	5270	56.554500000000004
114	5008	55.854
115	284217	55.847
116	1294	55.446000000000005
117	3918	55.24549999999999
118	6288	54.5465
119	7412	51.8125
120	1462	51.44500000000001
121	2201	51.2475
122	1690	50.039
123	5747	49.17
124	3914	48.842
125	3915	48.544
126	1404	47.4435
127	649	46.441500000000005
128	164656	45.338499999999996
129	176	44.543
130	1289	44.340999999999994
131	4099	43.6425
132	651	43.038
133	4035	36.9405
134	6714	34.765499999999996
135	2208	34.37050000000001
136	5155	33.94
137	2934	33.3615
138	4982	33.1295
139	2185	32.959500000000006
140	4478	32.911500000000004
141	3827	32.832499999999996
142	9564	32.659000000000006
143	4312	29.936
144	3486	29.635
145	4314	29.434500000000003
146	7076	29.335500000000003
147	5858	29.301
148	4326	29.237000000000002
149	5340	29.234
150	7448	29.130000000000003
151	2147	28.432
152	63827	28.133500000000005
153	2534	27.361
154	5329	27.328999999999997
155	3912	26.938499999999998
156	4653	26.922500000000003
157	5877	26.863999999999997
158	5327	26.631
159	4145	26.0585
160	8076	25.8365
161	4067	25.758
162	8751	25.4575
163	2243	25.430500000000002
164	5175	25.0605
165	2244	25.0315
166	1796	24.3555
167	3911	24.327
168	1291	23.837
169	1445	23.556
170	7525	23.155
171	5328	23.028
172	5054	22.9285
173	4319	22.433
174	3815	22.354000000000003
175	3488	22.1275
176	867	21.8535
177	1399	21.451999999999998
178	3684	21.424
179	3932	21.2545
180	7414	21.057
181	5295	20.653
182	53353	20.3265
183	6464	20.051
184	5781	20.0505
185	5345	19.926
186	2064	19.744999999999997
187	613	19.15
188	5921	19.1465
189	5777	18.6525
190	6850	18.6515
191	1991	18.323500000000003
192	1281	18.116
193	9846	18.049500000000002
194	2160	18.0255
195	3791	17.932
196	5104	17.925
197	2266	17.924500000000002
198	7035	17.723
199	5335	17.5475
200	3959	17.434
201	1398	17.238999999999997
202	4054	17.235
203	1956	17.147
204	2889	17.141
205	3717	17.0485
206	1439	16.849
207	5159	16.645999999999997
208	3055	16.044
209	2162	16.021
210	55824	15.742
211	2057	15.348000000000003
212	5788	15.345499999999998
213	2065	15.343
214	7409	15.243500000000001
215	2252	15.235500000000002
216	93185	15.068999999999999
217	25	14.941500000000001
218	3695	14.5585
219	5336	14.5425
220	7535	14.4405
221	10278	14.157
222	3937	14.040000000000001
223	6654	13.939499999999999
224	8174	13.758
225	2321	13.5315
226	2268	13.512
227	930	13.437000000000001
228	5118	13.415000000000001
229	7041	13.0475
230	27040	12.9385
231	1511	12.614
232	2885	12.538
233	11184	12.5375
234	2549	12.4365
235	5782	12.43
236	29760	12.236
237	6387	12.1135
238	7042	12.035499999999999
239	868	11.8355
240	4018	11.622
241	10006	11.534
242	7043	11.3345
243	27	11.2345
244	4914	11.129
245	2331	11.124500000000001
246	4690	11.033
247	4321	11.0215
248	90070	10.9205
249	6655	10.7325
250	6452	10.535
251	50807	10.3305
252	3696	10.117
253	2157	10.02
254	7410	9.9335
255	3643	9.9285
256	4323	9.818000000000001
257	5795	9.5275
258	10451	9.431000000000001
259	10603	9.428
260	4739	9.3295
261	10818	9.127
262	51454	8.714
263	2149	8.511
264	7006	8.120000000000001
265	3691	8.1175
266	2159	8.008500000000002
267	5156	7.7444999999999995
268	3480	7.725499999999999
269	5269	7.407500000000001
270	3716	7.325999999999999
271	4233	7.221500000000001
272	3913	7.2170000000000005
273	2690	7.124
274	5770	7.1235
275	3702	6.9155
276	6777	6.825
277	8651	6.8205
278	3689	6.714500000000001
279	2887	6.622
280	6776	6.524500000000001
281	6774	6.2225
282	2161	6.2195
283	2153	5.9079999999999995
284	2066	5.723000000000001
285	7462	5.7095
286	3635	5.6185
287	7454	5.6125
288	1436	5.5175
289	5296	5.517
290	5800	5.2105
291	3818	5.119
292	3667	5.019
293	3560	4.821
294	3718	4.8195
295	5578	4.7035
296	6461	4.6265
297	9021	4.418
298	8660	4.4165
299	5793	4.4085
300	4322	4.218500000000001
301	10657	4.116
302	3082	3.9155
303	5624	3.907
304	7078	3.8175
305	6695	3.7165
306	6667	3.7005000000000003
307	5627	3.5060000000000002
308	7056	3.4065
309	7070	3.353
310	6772	3.3145
311	5657	3.3015
312	695	3.213
313	7852	3.0140000000000002
314	5771	2.9135
315	718	2.8129999999999997
316	660	2.811
317	100124696	2.7115
318	3803	2.631
319	6382	2.6145
320	5265	2.6025
321	2150	2.5035
322	3384	2.2105
323	9402	1.6149999999999998
324	3572	1.609
325	5787	1.508
326	2316	0.9525
327	7010	0.9075
328	5580	0.6065
329	3934	0.51
330	26191	0.506
331	10750	0.505
332	55715	0.404
333	1441	0.31
334	5979	0.3045
335	6354	0.209
336	5595	0.20249999999999999
337	5275	0.2015
338	2242	0.10700000000000001
339	12	0.1055
340	3597	0.0915
341	4100	0.09
342	920	0.0805
343	4050	0.0805
344	7132	0.0775
345	10488	0.0755
346	5010	0.072
347	6520	0.071
348	2317	0.052000000000000005
349	6401	0.051500000000000004
350	6004	0.048
351	4146	0.032
352	1793	0.024
353	64714	0.0195
354	4867	0.0185
355	4155	0.014499999999999999
356	3909	0.012
357	56899	0.006500000000000001
358	4582	0.0055
359	3817	0.005
360	462	0.0045
361	4224	0.004
362	2	0.0035000000000000005
363	933	0.0035000000000000005
364	2260	0.0035000000000000005
365	354	0.003
366	56955	0.003
367	6693	0.0025
368	1990	0.002
369	857	0.002
370	6670	0.002
371	5594	0.0015
372	25970	0.001
373	1514	0.001
374	1361	0.0005
375	2213	0.0005
376	9479	0.0005
