rank	node	rank_score
1	9478	179.8
2	3710	178.699
3	7221	177.79850000000002
4	7225	176.798
5	7223	175.89749999999998
6	7224	174.897
7	7220	173.99650000000003
8	7222	173.496
9	4599	171.8955
10	57113	171.79500000000002
11	7226	170.2935
12	9454	170.1945
13	9456	169.19400000000002
14	2911	167.793
15	84876	166.9925
16	2915	165.892
17	1948	164.5915
18	2195	164.3905
19	2767	163.391
20	5998	161.99
21	2890	155.388
22	2893	152.587
23	5579	148.385
24	3709	144.289
25	5578	143.683
26	55024	143.0885
27	9463	138.6875
28	6383	136.88400000000001
29	624	131.779
30	5581	131.67950000000002
31	3749	129.682
32	5590	128.777
33	5588	128.074
34	4900	127.77799999999999
35	120	126.07649999999998
36	5580	124.576
37	5734	124.575
38	65108	124.17550000000001
39	2560	123.768
40	9266	122.773
41	5584	122.772
42	433	121.57449999999999
43	7504	120.47350000000002
44	23426	120.3865
45	5583	120.2705
46	2036	119.88550000000001
47	2897	119.28600000000002
48	1267	119.17249999999999
49	5341	118.07150000000001
50	2566	117.1685
51	917	116.87100000000001
52	2891	116.7825
53	2898	116.18050000000001
54	846	115.97
55	2561	115.0675
56	6876	114.9695
57	5066	113.66900000000001
58	5243	112.6665
59	2152	111.06700000000001
60	4842	110.16100000000002
61	119	109.665
62	9267	109.06599999999999
63	2705	108.5645
64	150	107.96549999999999
65	118	107.66300000000001
66	26353	104.96
67	2904	104.6555
68	3150	104.5635
69	4082	103.96399999999998
70	2902	103.954
71	4225	102.7615
72	4689	101.662
73	60312	101.5815
74	3554	99.5605
75	2673	99.35650000000001
76	1080	97.947
77	3559	97.8595
78	2781	96.85900000000001
79	1103	96.3785
80	4985	95.9585
81	9421	95.857
82	2769	95.05799999999999
83	3315	94.3485
84	10287	94.1575
85	5566	93.8495
86	7137	92.556
87	2243	89.152
88	8682	88.5525
89	5568	88.3515
90	9338	88.155
91	821	87.5535
92	5567	86.951
93	2931	85.55
94	3105	84.6505
95	3706	84.048
96	815	83.9405
97	5782	83.349
98	6199	82.846
99	688	81.75450000000001
100	1386	79.4475
101	156	79.2465
102	7037	77.953
103	334	76.345
104	1601	75.54549999999999
105	5592	75.32849999999999
106	154	72.644
107	5587	70.94300000000001
108	6714	70.1445
109	94274	69.8415
110	1947	68.78450000000001
111	6386	67.08099999999999
112	2892	66.08
113	960	65.9435
114	3875	65.541
115	3269	64.633
116	3689	64.3625
117	2048	64.18350000000001
118	10369	63.98199999999999
119	7074	62.777499999999996
120	4233	62.64200000000001
121	6944	62.1355
122	2670	61.3395
123	5894	60.64
124	5788	58.9385
125	3280	58.5425
126	3643	58.237
127	7531	57.689499999999995
128	1956	56.239
129	818	56.235
130	5770	55.8375
131	301	55.336
132	9590	55.138
133	3667	51.4365
134	4780	50.6315
135	4000	50.1265
136	4001	50.027
137	160622	48.787
138	2899	48.685
139	1742	47.6815
140	5170	46.6345
141	817	46.5335
142	2901	46.381
143	6624	46.2275
144	816	45.229
145	207	44.9325
146	10000	41.534000000000006
147	7431	40.929500000000004
148	7534	40.727999999999994
149	857	40.431
150	488	39.8245
151	58	38.3305
152	139105	38.1995
153	572	37.632
154	1385	37.33
155	9455	35.289
156	2903	34.6115
157	6261	34.4885
158	2316	34.4255
159	1739	34.418
160	5954	34.1875
161	2834	34.178999999999995
162	7430	34.123000000000005
163	2280	34.0865
164	6262	33.7855
165	6263	33.485
166	10335	33.187
167	80852	32.7795
168	2913	32.484500000000004
169	5350	31.422500000000003
170	1464	31.380000000000003
171	673	30.324
172	116443	30.077999999999996
173	208	29.323500000000003
174	4627	29.022000000000002
175	9495	28.718
176	2895	28.680500000000002
177	5747	28.4215
178	5331	28.4195
179	3480	27.821000000000005
180	1445	27.420499999999997
181	2534	27.417
182	6915	27.125999999999998
183	302	26.825
184	5335	25.816499999999998
185	5781	23.72
186	23236	22.919
187	998	20.0
188	158358	19.8995
189	2887	19.4185
190	5338	19.416
191	2064	19.4115
192	3717	18.3145
193	116986	17.586000000000002
194	6464	17.110500000000002
195	5159	16.1155
196	1741	15.4755
197	6236	15.421000000000001
198	85461	14.876499999999998
199	1740	14.672999999999998
200	27165	14.5725
201	7054	14.518
202	6331	14.4715
203	10399	14.3175
204	491	14.266499999999999
205	10207	14.172
206	9419	14.069999999999999
207	1439	14.013
208	22866	13.966
209	6329	13.861
210	8573	13.571000000000002
211	3759	13.470500000000001
212	3761	13.369499999999999
213	3739	13.267500000000002
214	3691	13.2025
215	8825	13.169
216	64130	13.068000000000001
217	3768	12.9685
218	493	12.8655
219	5058	12.819999999999999
220	9229	12.767
221	6640	12.662
222	23095	12.4605
223	2905	12.3645
224	5071	12.2615
225	90627	12.16
226	2185	12.11
227	8831	11.9745
228	2906	11.8735
229	8826	11.818999999999999
230	22839	11.774
231	3932	11.1125
232	867	10.508500000000002
233	6774	9.914
234	4067	9.8095
235	54866	9.743
236	7409	8.805
237	801	8.4265
238	6850	8.409
239	5777	8.2075
240	6197	7.815
241	5295	6.303
242	613	5.901999999999999
243	6772	5.812
244	5921	5.2015
245	25	5.2005
246	4486	5.005
247	9846	4.1045
248	5530	3.8175
249	6776	3.808
250	2057	3.6055
251	5795	3.511
252	1796	3.2045000000000003
253	3560	3.007
254	3815	2.9035
255	6777	2.5060000000000002
256	5595	2.1135
257	3716	2.1065
258	5829	1.9005000000000003
259	1399	1.8009999999999997
260	5594	0.8130000000000001
261	2885	0.8015000000000001
262	2690	0.704
263	7297	0.7025
264	2549	0.503
265	55824	0.40650000000000003
266	5336	0.40149999999999997
267	58512	0.1105
268	28954	0.086
269	782	0.08549999999999999
270	404734	0.08499999999999999
271	7415	0.08349999999999999
272	10842	0.08249999999999999
273	775	0.081
274	646	0.081
275	57555	0.0685
276	55914	0.06
277	6300	0.0595
278	88	0.059
279	783	0.044
280	25780	0.0245
281	5879	0.020999999999999998
282	79026	0.020499999999999997
283	1457	0.018
284	5337	0.017
285	5576	0.0165
286	5577	0.0155
287	4654	0.015
288	10451	0.014499999999999999
289	1499	0.0125
290	22927	0.012
291	1020	0.0075
292	7525	0.005
293	5979	0.0035000000000000005
294	4914	0.0035000000000000005
295	6654	0.0035000000000000005
296	10603	0.003
297	5156	0.002
298	9021	0.001
299	5800	0.001
300	3635	0.0005
