rank	node	rank_score
1	57099	159.794
2	672	144.488
3	10090	138.9
4	7157	132.67950000000002
5	5591	129.39749999999998
6	2177	125.6855
7	1017	121.97550000000001
8	2547	118.89949999999999
9	983	115.55799999999999
10	81627	112.75699999999999
11	7486	106.9885
12	1026	103.74600000000001
13	5925	99.8535
14	7520	98.799
15	10994	97.798
16	3981	97.6965
17	5981	97.3815
18	2033	97.377
19	79840	96.0955
20	1111	95.88
21	4683	95.696
22	7518	95.5945
23	3221	94.197
24	142	93.887
25	4361	92.99249999999999
26	10111	92.7935
27	5501	92.325
28	545	92.189
29	1457	92.04650000000001
30	64421	91.893
31	3014	91.78999999999999
32	200558	90.89500000000001
33	5499	90.55199999999999
34	55655	90.2915
35	9656	89.2905
36	2099	88.71849999999999
37	641	87.8875
38	5982	87.886
39	891	87.2645
40	7014	86.7895
41	2956	86.184
42	4436	85.583
43	54386	84.892
44	5984	83.2775
45	4292	82.7805
46	7013	82.6845
47	1019	81.74249999999999
48	26277	81.491
49	580	81.4825
50	890	80.86749999999999
51	11073	80.68199999999999
52	6118	80.57849999999999
53	11277	79.681
54	9557	79.5835
55	595	79.539
56	6117	79.476
57	1387	78.05499999999999
58	5111	77.9735
59	25913	77.2865
60	65057	77.185
61	571	77.079
62	1869	76.65
63	3725	76.33500000000001
64	5426	76.071
65	367	75.1335
66	5932	75.0615
67	3065	74.4485
68	1021	74.227
69	5884	73.15650000000001
70	6119	72.86949999999999
71	5424	72.767
72	5422	72.27000000000001
73	7515	71.069
74	7150	70.768
75	3978	70.06649999999999
76	1022	69.833
77	6667	68.5125
78	55775	68.3585
79	83990	68.1765
80	7153	67.9625
81	1020	67.8395
82	10714	66.76599999999999
83	6613	66.7495
84	2178	66.3705
85	25	66.0505
86	5395	65.973
87	5888	65.875
88	23649	65.6635
89	1050	65.315
90	5883	65.264
91	5557	65.163
92	5425	65.061
93	5983	64.85900000000001
94	4437	64.774
95	7156	64.0435
96	56655	63.9605
97	7155	63.362
98	5558	63.165499999999994
99	1051	62.6075
100	57804	62.364999999999995
101	7158	62.0745
102	54107	62.06
103	1027	61.91949999999999
104	5427	61.459500000000006
105	1025	60.734
106	5934	60.6235
107	5985	59.55550000000001
108	6597	58.605500000000006
109	5504	58.599000000000004
110	91768	58.5145
111	11200	58.455999999999996
112	5378	58.22950000000001
113	5371	58.209500000000006
114	79690	57.8985
115	23054	57.516
116	3980	57.04449999999999
117	4193	56.5355
118	3364	55.653999999999996
119	5810	55.052499999999995
120	10485	54.43150000000001
121	2176	54.036500000000004
122	63967	53.471500000000006
123	80010	53.436
124	2932	53.089999999999996
125	2188	53.032
126	84152	53.0265
127	1386	53.0015
128	4088	52.910000000000004
129	2175	52.234500000000004
130	10524	52.1475
131	5970	52.11749999999999
132	2237	51.952999999999996
133	2189	51.838499999999996
134	1459	51.813
135	4999	51.64149999999999
136	22909	50.739999999999995
137	5965	50.5375
138	6241	49.8285
139	55120	49.227999999999994
140	675	48.6725
141	5594	48.0755
142	2187	47.9325
143	57697	47.826
144	9156	47.472
145	4194	47.340999999999994
146	896	46.308499999999995
147	7374	46.12
148	207	45.925
149	10763	45.912
150	5595	45.662
151	3925	44.071
152	328	44.0455
153	6598	43.9935
154	22944	43.548
155	7507	42.449
156	6714	42.4105
157	63922	42.2545
158	79035	41.347
159	990	41.043
160	8243	40.2685
161	5500	38.697500000000005
162	23645	38.49550000000001
163	4654	38.306
164	5933	38.1275
165	898	37.9215
166	84687	37.69199999999999
167	23189	37.596500000000006
168	861	37.2035
169	153743	37.096000000000004
170	81566	36.6945
171	3066	36.620999999999995
172	11215	35.894
173	4332	35.6005
174	29935	35.457499999999996
175	378708	35.224000000000004
176	4869	35.223
177	9252	34.955
178	995	34.142
179	81620	33.531
180	4087	33.403
181	4137	33.166999999999994
182	1432	31.953999999999997
183	1029	31.924500000000002
184	5599	31.152499999999996
185	5451	31.118000000000002
186	1385	30.884000000000004
187	894	30.613999999999997
188	2908	30.569499999999998
189	6196	29.921
190	8900	29.8165
191	3297	29.441499999999998
192	51343	29.330000000000002
193	3320	29.226999999999997
194	7503	28.5135
195	54921	28.351
196	5601	28.149
197	5600	28.052
198	5566	27.988
199	6689	27.911
200	7316	27.607
201	4171	27.528999999999996
202	8658	26.977999999999998
203	6256	26.258500000000005
204	4605	26.145
205	4998	26.122500000000002
206	7421	26.0825
207	144715	25.656
208	2353	24.85
209	51720	24.659
210	5469	24.519
211	8850	24.401
212	92797	24.0305
213	5429	23.944
214	6908	23.817
215	7161	23.605
216	7249	22.917
217	1460	22.807499999999997
218	8202	22.761000000000003
219	5770	22.46
220	9133	22.137999999999998
221	6195	22.034
222	5757	21.824
223	79075	21.551499999999997
224	5127	21.276
225	5465	21.133
226	5568	20.7905
227	573	20.677500000000002
228	1499	20.548000000000002
229	2308	20.119999999999997
230	9261	20.031
231	55215	19.7985
232	9612	19.7445
233	6774	19.4405
234	5567	19.3895
235	84142	19.357499999999998
236	4089	19.039499999999997
237	6300	19.0365
238	6992	18.695500000000003
239	5577	18.493000000000002
240	5576	18.392500000000002
241	4176	18.214
242	3784	18.191499999999998
243	5597	18.038999999999998
244	63970	18.029
245	10142	17.9865
246	6262	17.891
247	2764	17.8535
248	8648	17.7465
249	6996	17.720499999999998
250	5511	17.187
251	5598	17.179499999999997
252	1045	17.157
253	10499	17.067500000000003
254	5468	17.0165
255	158798	16.97
256	8295	16.9225
257	993	16.9155
258	2931	16.886000000000003
259	6790	16.7835
260	1978	16.7485
261	2309	16.6265
262	55607	16.577
263	9495	16.4885
264	201254	16.426
265	23026	16.18
266	5663	15.9635
267	6197	15.9225
268	3312	15.616
269	5602	15.24
270	6722	15.238499999999998
271	4638	14.9875
272	7314	14.818999999999999
273	4790	14.735499999999998
274	6688	14.704500000000001
275	1827	14.5285
276	5596	14.431999999999999
277	4208	14.137
278	54866	13.773500000000002
279	60	13.520499999999998
280	5430	13.407
281	3977	13.3115
282	11075	13.228
283	5914	13.042000000000002
284	7015	13.014499999999998
285	6929	12.838
286	9611	12.741
287	5604	12.5235
288	3091	12.318000000000001
289	2113	12.1375
290	5603	12.131499999999999
291	5578	11.8155
292	3217	11.737
293	7538	11.6295
294	7704	11.434999999999999
295	1053	11.4255
296	4602	11.3275
297	8841	11.133500000000002
298	1874	10.908
299	26574	10.709
300	6502	10.604
301	2114	10.4475
302	29904	10.423
303	9325	10.3305
304	2115	10.122
305	2002	10.047
306	4255	10.0395
307	55869	9.783
308	3172	9.6145
309	5241	9.225999999999999
310	135458	9.044
311	10891	9.018
312	8317	8.9085
313	208	8.9005
314	836	8.6525
315	572	8.378499999999999
316	4595	7.9405
317	4776	7.837000000000001
318	7067	7.8215
319	6599	7.7345
320	5423	7.7325
321	79648	7.7035
322	1877	7.489
323	9025	6.840999999999999
324	4435	6.8235
325	7068	6.655500000000001
326	151568	6.5105
327	9877	6.411499999999999
328	65061	6.319
329	6595	6.3134999999999994
330	156	6.2195
331	80233	5.833
332	3164	5.8235
333	1024	5.4094999999999995
334	163126	5.3185
335	4000	5.122
336	2959	5.009
337	9412	4.9085
338	6601	4.713
339	6602	4.612
340	54760	4.505
341	5893	4.3255
342	6872	4.211
343	2962	3.902
344	2965	3.7055
345	6605	3.6064999999999996
346	6603	3.504
347	2648	3.4015
348	10589	3.3009999999999997
349	8289	3.1035
350	6604	2.9059999999999997
351	25942	2.7030000000000003
352	2623	2.6149999999999998
353	892	2.3015
354	10848	1.9715
355	4841	1.9134999999999998
356	10661	1.6024999999999998
357	57492	1.108
358	6886	1.1005
359	4331	0.9730000000000001
360	5931	0.9155
361	11221	0.76
362	3667	0.6615
363	3324	0.611
364	5300	0.542
365	3308	0.5045
366	406952	0.0985
367	5538	0.098
368	9201	0.0975
369	22853	0.0975
370	84864	0.0955
371	79660	0.095
372	4674	0.0945
373	6582	0.094
374	51548	0.094
375	540	0.093
376	598	0.0905
377	5515	0.0905
378	3195	0.09
379	27113	0.0895
380	4751	0.089
381	414899	0.0885
382	404663	0.088
383	5525	0.088
384	317	0.0875
385	1847	0.0875
386	51528	0.0865
387	64852	0.0865
388	10390	0.08549999999999999
389	151242	0.08449999999999999
390	147923	0.08449999999999999
391	282049	0.08399999999999999
392	7439	0.08399999999999999
393	10018	0.08349999999999999
394	3017	0.08299999999999999
395	47	0.08199999999999999
396	581	0.08199999999999999
397	5527	0.08199999999999999
398	4170	0.08149999999999999
399	5348	0.08149999999999999
400	133418	0.08149999999999999
401	10270	0.0805
402	5366	0.0795
403	9590	0.0795
404	6662	0.079
405	599	0.078
406	597	0.0775
407	578	0.077
408	638	0.0765
409	8739	0.076
410	637	0.0755
411	1843	0.0745
412	4438	0.0745
413	10017	0.074
414	56265	0.0735
415	7431	0.0735
416	8870	0.0735
417	113130	0.073
418	4001	0.073
419	6640	0.072
420	3010	0.0705
421	5058	0.0705
422	1846	0.06899999999999999
423	90427	0.0685
424	6853	0.0685
425	3832	0.0675
426	332	0.0655
427	1852	0.0655
428	9134	0.065
429	273	0.0645
430	9988	0.0635
431	1759	0.063
432	5321	0.061
433	10059	0.06
434	824	0.0595
435	4157	0.057499999999999996
436	1018	0.056499999999999995
437	842	0.05500000000000001
438	6776	0.05450000000000001
439	2903	0.054000000000000006
440	8550	0.053500000000000006
441	80824	0.052500000000000005
442	89857	0.052000000000000005
443	8986	0.051500000000000004
444	8358	0.05
445	285464	0.0495
446	162966	0.049
447	3932	0.0475
448	80205	0.0455
449	8357	0.044
450	8851	0.044
451	3516	0.044
452	2100	0.0435
453	8356	0.040999999999999995
454	673	0.040999999999999995
455	5894	0.0405
456	11140	0.0395
457	6830	0.0395
458	7534	0.0375
459	7088	0.0375
460	10000	0.037
461	10401	0.037
462	122953	0.0365
463	2624	0.0365
464	3159	0.036
465	4150	0.036
466	4286	0.034999999999999996
467	8204	0.034999999999999996
468	10923	0.034499999999999996
469	65267	0.0335
470	4303	0.0335
471	1958	0.033
472	466	0.032
473	81928	0.031
474	5581	0.0305
475	3856	0.03
476	994	0.03
477	5590	0.0295
478	1390	0.028499999999999998
479	154	0.028499999999999998
480	2004	0.027000000000000003
481	3150	0.027000000000000003
482	860	0.026500000000000003
483	8721	0.026000000000000002
484	7529	0.0235
485	7531	0.022
486	2885	0.0215
487	10474	0.0215
488	7528	0.020499999999999997
489	286343	0.02
490	4691	0.0195
491	79184	0.0195
492	1523	0.019
493	5927	0.017499999999999998
494	7533	0.017
495	7003	0.015
496	326	0.015
497	8431	0.014000000000000002
498	10749	0.013500000000000002
499	2071	0.013000000000000001
500	8031	0.0125
501	1052	0.0125
502	5928	0.0125
503	6418	0.0115
504	1028	0.0115
505	2960	0.011
506	4613	0.010499999999999999
507	22938	0.010499999999999999
508	8352	0.01
509	196	0.0095
510	5580	0.009
511	116028	0.0085
512	86	0.0085
513	5506	0.008
514	5587	0.008
515	6854	0.0075
516	5452	0.007000000000000001
517	8626	0.007000000000000001
518	8819	0.007000000000000001
519	1263	0.006500000000000001
520	133746	0.0055
521	7532	0.005
522	51742	0.005
523	55636	0.0045
524	7080	0.0035000000000000005
525	3621	0.0035000000000000005
526	1108	0.003
527	4800	0.0025
528	1875	0.0025
529	1616	0.002
530	4851	0.002
531	8091	0.0015
532	6720	0.0015
533	10498	0.0005
