rank	node	rank_score
1	10013	168.499
2	7316	161.8985
3	55968	128.0915
4	6103	100.1
5	207	92.5975
6	10121	79.599
7	5879	75.79650000000001
8	4137	74.998
9	6198	73.997
10	6714	72.7385
11	4296	71.5955
12	3091	71.1235
13	3667	67.7785
14	10987	66.7215
15	5910	59.7995
16	9373	59.3985
17	5594	58.777499999999996
18	6249	58.696000000000005
19	23197	58.598
20	55666	58.2975
21	56990	57.895
22	7353	57.596000000000004
23	26043	57.495000000000005
24	80124	57.397000000000006
25	11124	57.1965
26	7993	56.895500000000006
27	267	56.29449999999999
28	127733	56.291999999999994
29	51035	55.99400000000001
30	80700	55.6905
31	23304	55.59349999999999
32	197131	55.49300000000001
33	8570	55.286
34	23352	55.092499999999994
35	5590	54.884
36	9867	54.7915
37	5595	54.6745
38	84861	54.391
39	2932	53.793499999999995
40	80232	53.589999999999996
41	8453	53.3885
42	100290337	53.189
43	5604	52.682500000000005
44	8454	52.188
45	5599	50.7765
46	8450	50.5865
47	8452	50.286
48	4738	50.283500000000004
49	6416	49.4895
50	1642	49.187
51	8451	49.185
52	9978	49.184000000000005
53	1956	48.939499999999995
54	10920	48.583000000000006
55	2873	48.2825
56	55832	47.8845
57	1643	47.682
58	10980	47.481
59	8533	47.2815
60	64708	46.8805
61	1432	46.678
62	50813	46.58
63	1161	46.178999999999995
64	51138	46.079499999999996
65	6502	46.077
66	7533	46.0435
67	5170	45.682
68	9318	45.6785
69	8065	45.378
70	5430	44.8775
71	208	44.588
72	90293	44.576499999999996
73	5584	43.9255
74	9040	43.8755
75	6612	43.4745
76	6323	43.4735
77	10000	43.085
78	83939	42.873000000000005
79	8349	42.674
80	3035	42.472500000000004
81	50649	42.172000000000004
82	11269	42.0705
83	5601	41.78
84	8883	41.7715
85	5894	41.570499999999996
86	10436	41.471000000000004
87	2072	40.97
88	5770	40.933
89	6897	40.6695
90	3735	40.369
91	1917	40.0685
92	4174	39.768
93	4173	39.4675
94	9063	39.06699999999999
95	3014	38.966499999999996
96	673	38.47
97	8554	38.465999999999994
98	5708	38.165499999999994
99	1938	38.165
100	56882	37.9945
101	581	37.8845
102	6548	37.8735
103	57630	37.794
104	11127	37.6925
105	6133	37.664
106	4294	37.593
107	9371	37.492
108	10985	37.2645
109	6125	37.0635
110	9479	36.991
111	23542	36.9905
112	6155	36.863
113	7786	36.69
114	5609	36.388999999999996
115	4736	36.362
116	5578	36.230000000000004
117	23162	36.088499999999996
118	6749	35.9625
119	6156	35.9615
120	27250	35.887
121	5580	35.8335
122	836	35.7855
123	367	35.742000000000004
124	6208	35.6605
125	7534	35.549
126	6217	35.36
127	6205	34.959
128	2475	34.8875
129	8266	34.8865
130	10075	34.686
131	6224	34.6585
132	8975	34.4855
133	6228	34.3575
134	7320	34.185
135	842	34.1815
136	728937	33.857
137	2887	33.6445
138	5111	33.5595
139	6160	33.158
140	6165	32.8565
141	5581	32.635000000000005
142	4217	32.583000000000006
143	9129	32.556
144	6136	32.155
145	6132	32.0555
146	6195	31.6755
147	9045	31.5545
148	6207	31.547000000000004
149	6187	31.354000000000003
150	10018	31.2725
151	6137	31.153499999999998
152	3320	30.924500000000002
153	6159	30.752499999999998
154	2931	30.732
155	6144	30.451999999999998
156	5606	30.381
157	156	30.356
158	56940	30.276
159	6210	30.1515
160	5608	29.9795
161	6191	29.851
162	6188	29.5505
163	54165	29.476
164	6194	29.25
165	596	29.1715
166	6152	28.9495
167	4233	28.749000000000002
168	6154	28.649
169	5579	28.4055
170	5605	28.374000000000002
171	6141	28.3485
172	6199	28.2035
173	8682	28.1735
174	1051	28.1615
175	6130	27.948
176	6128	27.6475
177	9349	27.552999999999997
178	3643	27.351999999999997
179	6202	26.846500000000002
180	6201	26.546
181	7529	26.469
182	6129	26.2455
183	6135	25.945
184	5587	25.7275
185	1915	25.5445
186	7532	25.444
187	23450	25.0435
188	2197	24.643
189	572	24.570999999999998
190	140032	24.542
191	5788	24.451
192	6192	24.041500000000003
193	7311	23.929
194	3315	23.826
195	6231	23.7425
196	6167	23.741
197	3297	23.657999999999998
198	9261	23.366
199	3856	23.1685
200	6227	23.1405
201	6230	22.9395
202	6171	22.740000000000002
203	6233	22.7285
204	3925	22.357
205	6164	22.339
206	6774	22.3325
207	3875	22.3305
208	2308	22.1375
209	7531	22.044999999999998
210	6234	22.0385
211	5602	21.878999999999998
212	9252	21.7635
213	6170	21.738
214	497661	21.4375
215	7431	21.407
216	5782	21.25
217	2099	21.162
218	6209	21.137
219	6146	20.932499999999997
220	6173	20.8365
221	6622	20.5445
222	6218	20.536
223	6161	20.235500000000002
224	6235	19.935
225	4688	19.697
226	1827	19.675
227	3480	19.645999999999997
228	6232	19.6345
229	5600	19.563
230	1457	19.538999999999998
231	6181	19.334
232	6223	19.1315
233	25873	19.0335
234	3921	19.032999999999998
235	6196	18.7665
236	6197	18.764499999999998
237	5566	18.7285
238	840	18.697499999999998
239	7277	18.688
240	5728	18.5835
241	7249	18.467000000000002
242	5567	18.401
243	6204	18.2305
244	841	18.183500000000002
245	80824	17.977
246	331	17.8825
247	2316	17.819
248	6300	17.768
249	835	17.683
250	6122	17.631999999999998
251	5058	17.631
252	843	17.5815
253	8837	17.488
254	1386	17.436
255	4216	17.3805
256	10392	17.3805
257	4638	17.355
258	1387	17.3415
259	397	17.291999999999998
260	6206	17.1295
261	392	17.0875
262	839	17.080000000000002
263	6885	17.07
264	5664	16.979
265	6169	16.93
266	7157	16.853
267	6138	16.831
268	5663	16.806
269	2764	16.7295
270	5597	16.6605
271	1843	16.573
272	3932	16.5195
273	598	16.4695
274	4776	16.448500000000003
275	6229	16.228
276	1027	16.163999999999998
277	5321	16.1625
278	25	16.011000000000003
279	4170	15.872
280	5598	15.761000000000001
281	3977	15.76
282	1385	15.7315
283	6772	15.722
284	5596	15.659
285	6168	15.4275
286	7538	15.365
287	11075	15.358500000000001
288	11140	15.1755
289	6193	15.127
290	6143	14.8265
291	4157	14.756499999999999
292	5603	14.6595
293	6158	14.626
294	7015	14.422999999999998
295	6640	14.355500000000001
296	9891	14.279499999999999
297	1053	14.254499999999998
298	6176	14.2255
299	6929	14.1525
300	5465	14.051499999999999
301	4208	13.95
302	891	13.857499999999998
303	6134	13.825
304	6222	13.7245
305	4000	13.7075
306	4602	13.654
307	1459	13.634
308	23521	13.323500000000001
309	8358	13.249500000000001
310	6147	13.024000000000001
311	4001	12.905000000000001
312	6157	12.722999999999999
313	6667	12.625
314	6142	12.4225
315	29904	12.2655
316	2002	12.1465
317	8352	12.0365
318	6175	12.022
319	1499	12.012
320	11224	11.9215
321	8350	11.844
322	6124	11.521
323	6203	11.2205
324	5582	11.190999999999999
325	6189	10.92
326	55131	10.619499999999999
327	3150	10.568999999999999
328	7504	10.283
329	3007	10.219
330	8342	10.118500000000001
331	688	10.0915
332	5588	9.9825
333	26353	9.7645
334	11137	9.718
335	5583	9.684000000000001
336	10287	9.559999999999999
337	8971	9.4175
338	4900	9.3885
339	120	9.2855
340	3280	9.186499999999999
341	5970	9.122499999999999
342	55681	9.116499999999998
343	5066	9.0795
344	65108	8.985
345	983	8.8425
346	51602	8.8155
347	2152	8.777
348	408	8.6615
349	4214	8.568000000000001
350	4780	8.4685
351	6727	8.417
352	150	8.2745
353	857	8.230500000000001
354	2781	8.1615
355	6949	8.116
356	6722	8.029
357	5734	7.9845
358	55299	7.915000000000001
359	334	7.8709999999999996
360	2705	7.789499999999999
361	9188	7.5135000000000005
362	9221	7.414499999999999
363	72	7.214
364	1026	7.1674999999999995
365	672	7.1129999999999995
366	6256	7.052000000000001
367	2670	7.0504999999999995
368	5568	6.9595
369	7153	6.9079999999999995
370	5591	6.8105
371	5243	6.776000000000001
372	7284	6.712999999999999
373	2560	6.6775
374	2885	6.668000000000001
375	119	6.574
376	118	6.471500000000001
377	6732	6.4125
378	9421	6.359
379	5747	6.3585
380	2243	6.2565
381	4627	6.2455
382	1020	6.214
383	2893	6.168
384	10969	6.112
385	2890	6.0675
386	624	5.887
387	4842	5.756
388	4673	5.6114999999999995
389	154	5.5545
390	7846	5.5045
391	4985	5.461
392	7132	5.4545
393	2033	5.435499999999999
394	2769	5.3605
395	10514	5.3095
396	2673	5.2585
397	81027	5.21
398	7137	5.157500000000001
399	7248	5.046
400	5925	5.017
401	55646	5.011
402	4869	5.0035
403	8550	4.9535
404	26156	4.8105
405	846	4.7805
406	2113	4.747
407	4904	4.409000000000001
408	4215	4.239
409	3309	4.154999999999999
410	994	3.941
411	3609	3.908
412	3312	3.8515
413	51631	3.8085
414	1021	3.6125
415	301	3.5524999999999998
416	6850	3.4765
417	2091	3.4075
418	6776	3.3415
419	2908	3.2505
420	4654	3.218
421	1022	3.1100000000000003
422	10642	3.107
423	1019	3.0135
424	595	2.916
425	1017	2.8095
426	26354	2.8064999999999998
427	3725	2.524
428	2064	2.465
429	3717	2.359
430	5499	2.303
431	5781	2.2640000000000002
432	292	2.206
433	2534	2.1745
434	1025	2.1065
435	7150	2.105
436	6464	2.072
437	1439	1.735
438	1460	1.704
439	1445	1.6515
440	3608	1.6055
441	5127	1.6004999999999998
442	5829	1.5550000000000002
443	2185	1.4665
444	4067	1.3705
445	5335	1.279
446	613	1.1775
447	2353	1.151
448	867	1.073
449	3178	1.004
450	4691	0.9029999999999999
451	5295	0.8779999999999999
452	7409	0.7915
453	5777	0.6689999999999999
454	5159	0.558
455	9846	0.477
456	4670	0.4025
457	2057	0.354
458	5921	0.26749999999999996
459	3815	0.1605
460	4809	0.10200000000000001
461	84923	0.099
462	79058	0.098
463	4983	0.0955
464	201176	0.095
465	387	0.0945
466	64857	0.094
467	115557	0.0935
468	398	0.093
469	25791	0.0925
470	60312	0.0925
471	399	0.091
472	396	0.0905
473	5880	0.09
474	23463	0.0895
475	50619	0.089
476	1103	0.089
477	6242	0.0885
478	7535	0.087
479	84335	0.0865
480	389	0.0865
481	11113	0.086
482	6453	0.086
483	388	0.08549999999999999
484	84218	0.08499999999999999
485	6500	0.08449999999999999
486	51776	0.08449999999999999
487	8506	0.08399999999999999
488	23616	0.08349999999999999
489	433	0.08349999999999999
490	26153	0.08349999999999999
491	834	0.08349999999999999
492	5337	0.08299999999999999
493	837	0.08299999999999999
494	391	0.08249999999999999
495	23581	0.08249999999999999
496	3895	0.08199999999999999
497	1267	0.08199999999999999
498	10451	0.08149999999999999
499	5341	0.08149999999999999
500	637	0.08149999999999999
501	917	0.081
502	22861	0.081
503	6876	0.08
504	11221	0.08
505	317	0.08
506	1846	0.0795
507	10017	0.0795
508	9338	0.079
509	9743	0.0785
510	2566	0.0785
511	4925	0.0785
512	2561	0.078
513	5366	0.0775
514	10277	0.0765
515	27040	0.076
516	330	0.076
517	6461	0.0755
518	9267	0.0755
519	3937	0.075
520	51514	0.075
521	2904	0.075
522	11184	0.074
523	6452	0.0735
524	5336	0.0725
525	960	0.0725
526	4082	0.072
527	868	0.0715
528	55824	0.06949999999999999
529	6383	0.06949999999999999
530	5610	0.06949999999999999
531	3654	0.06899999999999999
532	7410	0.0685
533	8772	0.0685
534	3551	0.0675
535	2065	0.067
536	1601	0.067
537	1147	0.067
538	6654	0.066
539	1399	0.0655
540	4689	0.0655
541	29760	0.0645
542	9020	0.0645
543	8357	0.0645
544	4225	0.064
545	5037	0.064
546	9564	0.0635
547	3554	0.0635
548	8356	0.0635
549	1398	0.063
550	2911	0.063
551	8355	0.063
552	9266	0.0625
553	8354	0.0625
554	2889	0.062
555	3559	0.062
556	8353	0.062
557	3055	0.0615
558	8351	0.0615
559	10006	0.061
560	3303	0.061
561	8968	0.061
562	1326	0.0605
563	23234	0.0605
564	6655	0.06
565	1796	0.0595
566	55148	0.0595
567	7186	0.059
568	409	0.058499999999999996
569	51230	0.058499999999999996
570	7189	0.057999999999999996
571	554313	0.057999999999999996
572	4690	0.057499999999999996
573	10454	0.057499999999999996
574	55352	0.057499999999999996
575	6794	0.057499999999999996
576	27	0.056999999999999995
577	113457	0.056999999999999995
578	26013	0.056999999999999995
579	50807	0.056499999999999995
580	8737	0.056499999999999995
581	8367	0.056499999999999995
582	30011	0.05600000000000001
583	23118	0.05600000000000001
584	8366	0.05600000000000001
585	10278	0.05550000000000001
586	3105	0.05550000000000001
587	7278	0.05550000000000001
588	7913	0.05550000000000001
589	8365	0.05500000000000001
590	2066	0.05450000000000001
591	9682	0.05450000000000001
592	1080	0.054000000000000006
593	10382	0.054000000000000006
594	8364	0.054000000000000006
595	2549	0.053500000000000006
596	3706	0.053500000000000006
597	8767	0.053500000000000006
598	5890	0.053500000000000006
599	8853	0.053000000000000005
600	7185	0.053000000000000005
601	8363	0.053000000000000005
602	10603	0.052500000000000005
603	3305	0.052500000000000005
604	8362	0.052500000000000005
605	203068	0.052000000000000005
606	7158	0.052000000000000005
607	8360	0.051500000000000004
608	815	0.051000000000000004
609	8517	0.051000000000000004
610	8294	0.051000000000000004
611	4914	0.0505
612	4792	0.0505
613	29117	0.0505
614	94274	0.05
615	8717	0.05
616	8368	0.05
617	5795	0.0495
618	7314	0.0495
619	8359	0.0495
620	3269	0.049
621	329	0.049
622	8370	0.049
623	7454	0.0485
624	7037	0.0485
625	8915	0.0485
626	8361	0.0485
627	3164	0.048
628	7006	0.048
629	9590	0.048
630	790	0.048
631	55355	0.048
632	1612	0.0475
633	3702	0.0475
634	821	0.0475
635	11035	0.0475
636	3008	0.0475
637	5800	0.047
638	2902	0.047
639	3313	0.047
640	121504	0.047
641	8651	0.0465
642	805	0.0465
643	51460	0.0465
644	29110	0.046
645	387893	0.046
646	2309	0.0455
647	5296	0.0455
648	100124696	0.045
649	10010	0.045
650	132660	0.045
651	3326	0.0445
652	1058	0.0445
653	4794	0.044
654	1616	0.044
655	3716	0.0435
656	4793	0.0435
657	10419	0.0435
658	4616	0.043
659	695	0.043
660	4791	0.043
661	10657	0.042499999999999996
662	818	0.042499999999999996
663	5971	0.042499999999999996
664	2690	0.041999999999999996
665	6944	0.041999999999999996
666	92609	0.041999999999999996
667	25842	0.041999999999999996
668	4790	0.041499999999999995
669	4678	0.041499999999999995
670	6777	0.040999999999999995
671	817	0.040999999999999995
672	1213	0.040999999999999995
673	8520	0.040999999999999995
674	10971	0.0405
675	816	0.0405
676	71	0.0405
677	8208	0.0405
678	993	0.04
679	5156	0.04
680	808	0.04
681	55723	0.04
682	5787	0.0395
683	6624	0.0395
684	801	0.0395
685	10036	0.0395
686	8660	0.039
687	7430	0.039
688	79711	0.039
689	3560	0.0385
690	6446	0.0385
691	9532	0.0385
692	5928	0.0385
693	995	0.038
694	3718	0.038
695	488	0.038
696	3301	0.038
697	55957	0.038
698	7133	0.0375
699	9759	0.0375
700	1978	0.037
701	9021	0.037
702	5909	0.037
703	347733	0.037
704	10014	0.037
705	26191	0.0365
706	3310	0.0365
707	23468	0.0365
708	1436	0.036
709	5966	0.036
710	6839	0.036
711	3635	0.0355
712	10951	0.0355
713	7054	0.034999999999999996
714	11335	0.034999999999999996
715	142	0.034499999999999996
716	7297	0.034499999999999996
717	708	0.034499999999999996
718	80854	0.034499999999999996
719	23236	0.034
720	1441	0.0335
721	2915	0.0335
722	8467	0.0335
723	3572	0.033
724	3791	0.0325
725	9641	0.0325
726	1613	0.0325
727	2321	0.032
728	9425	0.032
729	7525	0.0315
730	3020	0.0315
731	660	0.031
732	7290	0.031
733	3689	0.0305
734	4646	0.0305
735	5931	0.0305
736	5771	0.03
737	4628	0.03
738	3065	0.03
739	9402	0.0295
740	8290	0.0295
741	10818	0.028999999999999998
742	9043	0.028999999999999998
743	919	0.028499999999999998
744	150684	0.028499999999999998
745	11091	0.028499999999999998
746	8648	0.028000000000000004
747	8239	0.028000000000000004
748	3021	0.028000000000000004
749	5979	0.027500000000000004
750	6421	0.027500000000000004
751	4155	0.027000000000000003
752	930	0.027000000000000003
753	8607	0.027000000000000003
754	5371	0.026500000000000003
755	5793	0.026500000000000003
756	2597	0.026000000000000002
757	9212	0.026000000000000002
758	220717	0.025500000000000002
759	6790	0.025500000000000002
760	2213	0.025
761	4846	0.025
762	2242	0.0245
763	5175	0.024
764	1654	0.024
765	25970	0.0235
766	2734	0.0235
767	7852	0.023
768	4486	0.0225
769	1832	0.0225
770	2268	0.022
771	7187	0.022
772	7010	0.0215
773	23054	0.020999999999999998
774	55715	0.020999999999999998
775	2969	0.020999999999999998
776	602	0.020499999999999997
777	7462	0.020499999999999997
778	60	0.020499999999999997
779	8202	0.02
780	4582	0.02
781	4637	0.02
782	5796	0.0195
783	10128	0.0195
784	10750	0.019
785	498	0.019
786	4088	0.0185
787	8841	0.0185
788	10019	0.018
789	3329	0.018
790	6598	0.018
791	9612	0.017499999999999998
792	3575	0.017499999999999998
793	933	0.017
794	3187	0.017
795	6601	0.017
796	860	0.0165
797	4739	0.0165
798	302	0.0165
799	6595	0.0165
800	558	0.016
801	4609	0.0155
802	58512	0.0155
803	7416	0.0155
804	6599	0.0155
805	1050	0.015
806	85358	0.015
807	3837	0.015
808	6597	0.015
809	8850	0.014499999999999999
810	3454	0.014499999999999999
811	2023	0.014499999999999999
812	3066	0.014499999999999999
813	23607	0.014000000000000002
814	3621	0.014000000000000002
815	3636	0.013500000000000002
816	10480	0.013500000000000002
817	8819	0.013500000000000002
818	2260	0.013000000000000001
819	3184	0.013000000000000001
820	8289	0.013000000000000001
821	8440	0.0125
822	10202	0.0125
823	9611	0.0125
824	238	0.012
825	8664	0.012
826	6602	0.012
827	10499	0.0115
828	356	0.0115
829	8344	0.0115
830	51742	0.0115
831	4915	0.011
832	8662	0.011
833	25942	0.011
834	7417	0.010499999999999999
835	4297	0.010499999999999999
836	53358	0.01
837	7419	0.01
838	84152	0.01
839	2886	0.0095
840	10056	0.0095
841	6872	0.0095
842	1869	0.009
843	27335	0.009
844	2623	0.009
845	4194	0.0085
846	1000	0.0085
847	1933	0.0085
848	5338	0.008
849	3842	0.008
850	10284	0.008
851	56955	0.0075
852	8663	0.0075
853	6908	0.0075
854	6503	0.007000000000000001
855	10399	0.007000000000000001
856	8189	0.007000000000000001
857	128853	0.006500000000000001
858	309	0.006500000000000001
859	9219	0.006500000000000001
860	1969	0.006
861	8668	0.006
862	6878	0.006
863	83747	0.0055
864	53981	0.0055
865	920	0.005
866	6880	0.005
867	1111	0.0045
868	58480	0.0045
869	53615	0.0045
870	27071	0.004
871	1974	0.004
872	5929	0.004
873	3690	0.0035000000000000005
874	2771	0.0035000000000000005
875	6883	0.0035000000000000005
876	8503	0.003
877	3646	0.003
878	23028	0.003
879	7421	0.0025
880	2322	0.0025
881	1107	0.0025
882	896	0.002
883	2533	0.002
884	4311	0.002
885	5901	0.002
886	861	0.0015
887	3561	0.0015
888	3192	0.0015
889	86	0.0015
890	3566	0.001
891	11338	0.001
892	6603	0.001
893	974	0.0005
894	7307	0.0005
895	8932	0.0005
