rank	node	rank_score
1	3108	180.1
2	3123	179.1995
3	3109	177.999
4	972	177.0985
5	3732	176.098
6	3112	174.79749999999999
7	967	174.697
8	5738	173.19650000000001
9	928	171.696
10	975	169.9955
11	963	168.09449999999998
12	3688	167.5925
13	93185	167.095
14	4179	166.493
15	3675	166.4915
16	3676	166.3935
17	977	166.19099999999997
18	7106	165.892
19	2515	164.79000000000002
20	3655	164.2905
21	931	161.894
22	3679	161.3895
23	3964	160.189
24	3673	153.9865
25	7057	153.887
26	961	153.88600000000002
27	948	153.6875
28	8754	153.3885
29	3690	149.08499999999998
30	3685	146.78
31	3674	146.2815
32	3386	145.8795
33	1293	145.2845
34	2812	144.578
35	2923	142.9735
36	2811	141.277
37	3491	140.675
38	3678	139.984
39	3693	137.37550000000002
40	5029	135.37449999999998
41	27329	134.57649999999998
42	811	133.973
43	3105	131.17000000000002
44	2335	126.582
45	7052	125.583
46	1277	124.5855
47	1278	123.881
48	4856	122.17849999999999
49	4318	121.88050000000001
50	6678	119.7775
51	960	118.079
52	80781	117.58250000000001
53	6696	116.376
54	7450	111.474
55	920	106.78800000000001
56	7058	98.87100000000001
57	4313	95.07050000000001
58	3716	85.6335
59	3672	79.172
60	5747	75.36949999999999
61	5877	74.0835
62	7094	72.8715
63	550	71.0725
64	5829	70.869
65	3113	70.284
66	821	67.707
67	1305	66.468
68	1634	65.672
69	4316	64.47
70	7040	64.3715
71	1280	64.271
72	1285	63.369499999999995
73	7045	62.569
74	1286	61.8685
75	4052	60.766
76	2199	60.565
77	5549	59.75750000000001
78	4811	59.258500000000005
79	1282	59.1645
80	3339	58.657999999999994
81	1101	57.785000000000004
82	2200	55.955999999999996
83	5310	55.668499999999995
84	1490	55.65650000000001
85	2192	55.456999999999994
86	22795	55.253
87	3918	54.5515
88	1294	54.452
89	5175	54.160000000000004
90	1839	53.9655
91	284217	53.854
92	2006	53.45550000000001
93	4147	51.763999999999996
94	3915	51.45
95	1284	51.062
96	1287	50.3635
97	1288	50.063
98	6288	50.0535
99	22918	49.9625
100	1690	49.547000000000004
101	633	49.2595
102	1462	49.2505
103	3026	49.161500000000004
104	5270	48.261
105	351	48.259
106	5653	48.06
107	6714	47.9675
108	5008	47.3605
109	4067	46.1625
110	4237	45.555
111	3680	45.167
112	2201	45.054500000000004
113	3914	44.248000000000005
114	2185	44.064499999999995
115	1796	43.562
116	1404	43.5495
117	649	43.447500000000005
118	2534	43.3615
119	4145	43.263
120	164656	43.1465
121	2064	42.6635
122	176	42.349000000000004
123	6850	40.961
124	1445	40.35850000000001
125	7525	40.259
126	1289	40.146
127	6464	39.856
128	3815	38.7575
129	4312	38.64
130	3932	38.2595
131	3695	37.966499999999996
132	3486	37.7425
133	651	37.644
134	3694	37.570499999999996
135	5921	37.257
136	1439	37.2495
137	867	36.5555
138	5781	36.454
139	4314	36.443
140	5777	36.3525
141	5340	36.345
142	5295	35.8565
143	1956	35.6545
144	63827	35.6395
145	7076	35.638999999999996
146	1399	35.555
147	4099	35.0455
148	3827	34.4435
149	2147	34.342
150	4035	34.237
151	3911	34.1445
152	930	33.844
153	5327	33.841499999999996
154	3717	33.6515
155	9846	33.3535
156	2243	32.940999999999995
157	2057	32.849000000000004
158	2934	32.565
159	613	32.553
160	2244	32.540499999999994
161	5354	32.2065
162	4653	32.138
163	5335	31.851
164	55824	31.6455
165	6774	31.531
166	8751	31.464
167	5159	31.0385
168	9564	30.960500000000003
169	5155	30.7365
170	3791	30.648500000000002
171	2065	30.0505
172	5336	29.948
173	7409	29.947000000000003
174	2321	29.436
175	3912	29.402499999999996
176	6777	29.133
177	6776	29.0325
178	5156	29.032
179	3480	28.930500000000002
180	4319	28.8385
181	912	28.484500000000004
182	8076	28.2255
183	567	28.184000000000005
184	6892	27.983500000000003
185	5788	27.9375
186	3055	27.85
187	3643	27.834000000000003
188	3135	27.783000000000005
189	3937	27.645999999999997
190	7535	27.645
191	3134	27.5825
192	1398	27.541500000000003
193	6654	27.446500000000004
194	10603	27.4235
195	3133	27.381999999999998
196	6890	27.1815
197	22801	27.083500000000004
198	6891	26.981
199	3371	26.865499999999997
200	10859	26.7805
201	7852	26.714499999999997
202	5034	26.566499999999998
203	2889	26.252
204	25	26.2445
205	2885	26.142500000000002
206	2549	25.839
207	7448	25.236
208	5329	25.133
209	3107	24.98
210	5328	24.7335
211	10288	24.679000000000002
212	11184	24.643
213	27040	24.5435
214	5054	23.7345
215	27	23.438
216	5795	23.326
217	3488	23.234
218	10006	23.14
219	4914	22.9255
220	6461	22.8315
221	3684	22.732
222	868	22.6405
223	29760	22.341
224	2690	22.128999999999998
225	5345	21.732499999999998
226	8651	21.6285
227	9021	21.5265
228	10451	21.4355
229	7422	21.326
230	2268	21.258
231	3718	21.122999999999998
232	7006	21.025
233	4690	20.937
234	4982	20.935499999999998
235	1991	20.9315
236	5782	20.826999999999998
237	5770	20.728
238	2157	20.506
239	2266	20.235
240	6452	20.142000000000003
241	43	20.035
242	6655	19.9395
243	7410	19.8365
244	3635	19.6475
245	5104	19.630000000000003
246	10399	19.508
247	10278	19.335
248	1436	19.3275
249	2160	19.2295
250	53353	19.2285
251	4233	19.0245
252	2208	18.9185
253	2162	18.429
254	2066	18.2295
255	7035	18.1305
256	1291	18.0355
257	3667	17.822499999999998
258	1281	17.7375
259	2887	17.73
260	5296	17.624000000000002
261	6772	17.6155
262	50807	17.2345
263	8660	17.222
264	3572	17.116
265	5771	16.818
266	10657	16.4215
267	3702	16.421
268	7297	16.316499999999998
269	5118	15.627500000000001
270	90070	15.427000000000001
271	695	15.020499999999998
272	10818	14.913499999999999
273	7454	14.319999999999999
274	7373	13.735
275	100124696	13.7195
276	9402	13.317000000000002
277	5800	13.2185
278	2252	13.107
279	6387	12.931000000000001
280	51454	12.818999999999999
281	3959	12.5345
282	660	12.5175
283	5787	12.019
284	1511	11.928
285	4018	11.6145
286	3689	11.4195
287	4224	11.3115
288	4321	11.1205
289	2242	11.013
290	5793	10.811499999999999
291	5580	10.315000000000001
292	8174	10.266
293	7010	10.111
294	26191	10.014
295	2149	9.7265
296	3696	9.625
297	5979	8.8095
298	462	8.703999999999999
299	55715	8.51
300	7462	8.4085
301	2316	8.4015
302	3691	8.303
303	1441	7.912000000000001
304	4582	7.8105
305	2159	7.715000000000001
306	4323	7.6245
307	6401	7.600999999999999
308	5269	7.514500000000001
309	3913	7.502000000000001
310	2260	7.4125
311	857	7.401999999999999
312	8516	7.213500000000001
313	558	7.1034999999999995
314	56955	6.906000000000001
315	2161	6.822
316	933	6.509
317	30011	6.5045
318	4322	6.4215
319	3817	6.214
320	919	6.2055
321	7078	6.121
322	5595	5.701
323	10750	5.6075
324	3909	5.1155
325	2213	5.1015
326	56899	5.0075
327	10019	5.005
328	6382	4.523999999999999
329	3818	4.5225
330	2274	4.423
331	7412	4.3100000000000005
332	3082	4.2235
333	2153	4.2065
334	5624	4.1045
335	7056	4.004
336	1514	3.915
337	5627	3.903
338	6670	3.813
339	5796	3.8005000000000004
340	12	3.6060000000000003
341	5275	3.5159999999999996
342	4739	3.4065
343	25970	3.406
344	5594	3.4055
345	9743	3.3024999999999998
346	23607	3.104
347	8440	3.103
348	710	3.1005
349	2	2.9170000000000003
350	5578	2.907
351	58512	2.8045
352	7018	2.404
353	3485	2.2045000000000003
354	2150	2.117
355	3481	2.1109999999999998
356	354	2.1055
357	5858	2.0015
358	1361	1.9010000000000002
359	2317	1.7175
360	6354	1.7120000000000002
361	128853	1.502
362	7070	1.3065
363	3479	1.3035
364	1499	1.301
365	1000	1.2005000000000001
366	3934	1.1199999999999999
367	5265	1.0055
368	4060	0.708
369	974	0.6025
370	6383	0.5045
371	64581	0.098
372	337880	0.0965
373	952	0.08449999999999999
374	3106	0.0795
375	925	0.0785
376	10519	0.078
377	3824	0.0775
378	6955	0.077
379	6520	0.076
380	23371	0.063
381	3803	0.019
382	823	0.017499999999999998
383	5657	0.0165
384	3053	0.0115
385	238	0.010499999999999999
386	2886	0.01
387	8038	0.01
388	7042	0.0085
389	3636	0.008
390	6667	0.0075
391	83747	0.007000000000000001
392	53358	0.0055
393	4054	0.0055
394	3566	0.005
395	4915	0.005
396	7043	0.005
397	3483	0.005
398	940	0.0045
399	682	0.0045
400	64714	0.004
401	6868	0.0035000000000000005
402	26085	0.0035000000000000005
403	3575	0.0035000000000000005
404	640	0.003
405	2331	0.003
406	3490	0.003
407	1990	0.002
408	9103	0.002
409	5196	0.002
410	3454	0.0015
411	5170	0.0015
412	27071	0.001
413	2247	0.001
414	9507	0.0005
415	6503	0.0005
416	3949	0.0005
