rank	node	rank_score
1	2335	177.4475
2	23381	177.0
3	1294	175.59949999999998
4	54496	173.6915
5	3939	159.799
6	27123	154.497
7	11226	150.1455
8	7045	132.332
9	1277	126.968
10	1286	126.6105
11	7057	125.2865
12	6610	124.89650000000002
13	1634	124.85149999999999
14	6714	123.5175
15	4147	121.21300000000001
16	164656	119.647
17	1690	119.26199999999999
18	2199	117.7415
19	5549	117.543
20	4313	113.186
21	1956	112.3445
22	4811	109.56300000000002
23	3026	108.30850000000001
24	3918	108.18299999999999
25	3690	107.72350000000002
26	118429	106.30900000000001
27	1285	106.026
28	51626	105.99600000000001
29	1284	105.81800000000001
30	1288	104.71549999999999
31	4318	104.424
32	5270	104.40450000000001
33	3685	104.34349999999999
34	284217	104.0385
35	351	104.0355
36	1278	103.4195
37	3339	103.34
38	1287	103.2095
39	6288	101.3145
40	3914	100.18199999999999
41	22795	99.038
42	22918	98.6035
43	5653	98.41499999999999
44	651	97.2245
45	1305	95.7375
46	64856	94.833
47	1280	93.737
48	6678	93.5365
49	3688	93.4185
50	56951	92.2885
51	22801	87.60499999999999
52	6667	86.74600000000001
53	7040	85.8265
54	80781	85.607
55	1289	85.22999999999999
56	5008	83.3885
57	649	83.26849999999999
58	2885	80.814
59	1991	77.995
60	116844	76.9935
61	27329	76.2225
62	633	76.076
63	5747	76.00750000000001
64	2934	75.907
65	5155	75.736
66	948	73.087
67	1311	71.6255
68	4099	70.834
69	6464	70.535
70	57007	70.212
71	7058	67.31700000000001
72	1299	66.53450000000001
73	1297	65.3275
74	7052	63.803
75	1293	63.265499999999996
76	3673	62.4735
77	7837	62.211
78	3290	61.584
79	3678	61.2115
80	5310	60.6025
81	92483	58.8985
82	2192	57.10450000000001
83	961	56.98299999999999
84	3674	56.0245
85	23211	55.491
86	7798	55.010000000000005
87	4856	54.9145
88	1101	54.3235
89	3672	54.019000000000005
90	5858	51.40650000000001
91	10085	49.9415
92	5029	49.685500000000005
93	2252	49.5165
94	2534	47.278
95	4921	47.023
96	5829	46.9485
97	6414	46.601
98	7059	46.315999999999995
99	7094	45.2255
100	4035	44.832499999999996
101	1490	44.5015
102	1291	44.429
103	2185	43.469
104	2824	43.4315
105	90070	43.342
106	84709	42.528499999999994
107	8840	40.673500000000004
108	2006	40.178999999999995
109	1398	39.159000000000006
110	7534	38.542500000000004
111	83941	38.472500000000004
112	10993	38.398
113	409	38.3425
114	9380	38.194
115	81491	37.5775
116	1491	37.4975
117	4357	37.277
118	3948	36.5955
119	3945	35.9935
120	7700	35.708000000000006
121	2064	35.6645
122	2272	35.594
123	1281	35.327999999999996
124	3312	35.319
125	160287	35.0895
126	2805	34.6635
127	157638	34.589999999999996
128	5159	34.5695
129	4067	34.471500000000006
130	3676	34.4075
131	5781	34.2725
132	3934	34.12
133	5832	34.093
134	83862	33.959
135	4146	33.6575
136	4329	33.584
137	9564	33.553
138	25	33.457
139	867	32.955
140	5118	32.927
141	197257	32.8925
142	7915	32.685500000000005
143	5295	32.359500000000004
144	55293	32.085
145	56851	32.0055
146	2324	31.976499999999998
147	8659	31.670500000000004
148	8854	31.482499999999998
149	84264	31.387999999999998
150	613	30.453999999999997
151	2806	30.156
152	1399	30.0585
153	5335	29.866500000000002
154	284273	29.4835
155	216	29.278499999999998
156	18	29.180500000000002
157	5156	28.813499999999998
158	2571	28.461000000000002
159	84532	28.3745
160	137872	28.279500000000002
161	130589	28.084500000000002
162	219	28.077499999999997
163	51454	27.8125
164	1796	27.547000000000004
165	11112	26.875
166	4237	26.575
167	3029	26.4875
168	316	26.476
169	501	26.3765
170	2065	26.222500000000004
171	6289	26.222500000000004
172	2200	26.07
173	3693	26.0245
174	55902	25.774
175	3326	25.706
176	51733	25.669999999999998
177	224	25.575499999999998
178	131	25.573500000000003
179	2201	25.269
180	4145	25.0415
181	222	24.972
182	80831	24.954500000000003
183	6792	24.718
184	56995	24.4525
185	314	24.078
186	5782	24.003
187	65985	23.873
188	220	23.8675
189	4052	23.8655
190	130	23.7695
191	5175	23.731
192	10327	23.6715
193	84735	23.6655
194	5238	23.4725
195	223	23.4615
196	2137	23.338
197	3932	23.244
198	2244	23.2435
199	3791	23.175
200	6850	23.167
201	3815	22.8495
202	445815	22.848000000000003
203	5154	22.831
204	8076	22.449
205	3371	22.244
206	56955	22.041
207	5921	21.852
208	218	21.764
209	127	21.56
210	6654	21.3305
211	3480	21.3105
212	230	21.270999999999997
213	221	21.058
214	3717	20.86
215	2208	20.6785
216	125	20.2565
217	226	20.1535
218	438	20.052
219	2321	19.764
220	229	19.469
221	4690	19.4515
222	118881	19.167
223	928	18.752
224	4326	18.720999999999997
225	552900	18.692500000000003
226	2889	18.657999999999998
227	550	18.6515
228	231	18.564500000000002
229	8639	18.5625
230	654483	18.487000000000002
231	124	18.455000000000002
232	408	18.450499999999998
233	7422	18.443
234	7035	18.387
235	9846	18.3705
236	1445	18.2155
237	27	17.9345
238	285855	17.912
239	126	17.8545
240	11184	17.762
241	3959	17.6275
242	2549	17.528
243	7409	17.434
244	5578	17.4075
245	58512	17.256
246	4128	17.160500000000003
247	51474	16.982499999999998
248	1992	16.8905
249	1312	16.548
250	4301	16.4965
251	3655	16.335
252	4129	16.2595
253	57190	16.2505
254	8751	16.1305
255	9103	15.9625
256	128	15.853
257	7316	15.8165
258	7070	15.811000000000002
259	325	15.761500000000002
260	1462	15.455000000000002
261	128853	15.437000000000001
262	1440	15.2815
263	26	15.255500000000001
264	2066	14.807999999999998
265	5409	14.554000000000002
266	10278	14.431999999999999
267	2597	14.4005
268	2887	14.120999999999999
269	3386	14.005500000000001
270	8785	13.657
271	1805	13.562000000000001
272	56899	13.532
273	3242	13.2405
274	81543	13.114500000000001
275	25981	13.0605
276	5777	13.0535
277	139716	12.668000000000001
278	4353	12.651
279	3303	12.45
280	10451	12.4355
281	5336	12.361500000000001
282	64714	12.213
283	3441	12.15
284	56242	12.057500000000001
285	7525	12.022
286	3937	11.747499999999999
287	64429	11.744
288	4969	11.7115
289	6709	11.639
290	9749	11.5425
291	4233	11.4005
292	1644	11.2585
293	83747	11.033
294	7539	10.567499999999999
295	7535	10.525
296	85358	10.4555
297	3176	10.1525
298	27240	9.9285
299	54206	9.861
300	960	9.85
301	6655	9.557500000000001
302	5287	9.203999999999999
303	7287	9.119
304	57127	9.063500000000001
305	7275	8.839
306	9784	8.817499999999999
307	58480	8.706
308	29760	8.4435
309	6461	8.424
310	3491	8.419
311	7042	8.242
312	1439	8.1035
313	23624	7.8755
314	91373	7.866
315	55423	7.837000000000001
316	83983	7.7315
317	2	7.6305000000000005
318	6451	7.563
319	56271	7.4535
320	3067	7.349000000000001
321	55824	7.2490000000000006
322	5566	7.210500000000001
323	2243	7.141
324	54923	7.12
325	55715	7.006
326	23230	6.946000000000001
327	10006	6.840000000000001
328	4582	6.709999999999999
329	79585	6.596500000000001
330	7373	6.3495
331	3055	6.326
332	8745	6.2219999999999995
333	5296	6.1085
334	112483	6.0495
335	3320	5.904
336	57292	5.846500000000001
337	6799	5.750500000000001
338	3643	5.5295000000000005
339	2099	5.4435
340	2057	5.4335
341	3680	5.423
342	6696	5.336
343	1436	5.317
344	558	5.306
345	3695	5.2415
346	7424	5.225
347	2923	5.1455
348	3675	5.0485
349	29998	5.0405
350	6452	4.9350000000000005
351	1775	4.7445
352	868	4.7365
353	50807	3.9015
354	27040	3.723
355	56666	3.2659999999999996
356	9402	3.21
357	4058	3.0010000000000003
358	930	2.8055
359	8288	2.7485
360	29886	2.643
361	9743	2.6045000000000003
362	114132	2.545
363	6818	2.4465
364	6817	2.341
365	7425	2.2649999999999997
366	11250	2.25
367	56141	2.1265
368	4914	1.936
369	64111	1.9149999999999998
370	6777	1.8030000000000002
371	7177	1.7395
372	2213	1.551
373	3635	1.5275
374	92591	1.342
375	81875	1.2315
376	6723	1.0394999999999999
377	10818	1.0234999999999999
378	146722	1.0215
379	8529	0.9375
380	3034	0.745
381	6776	0.7065
382	400745	0.5565
383	4953	0.5335
384	5788	0.41600000000000004
385	4007	0.3195
386	10603	0.2455
387	1969	0.1065
388	7532	0.0955
389	4982	0.0955
390	10971	0.095
391	4656	0.0945
392	51111	0.0945
393	7533	0.0935
394	9855	0.093
395	8048	0.092
396	9774	0.0915
397	4618	0.091
398	65055	0.091
399	55661	0.0905
400	357	0.09
401	133015	0.089
402	84717	0.089
403	60598	0.0885
404	84918	0.0885
405	5900	0.088
406	9967	0.0875
407	2739	0.087
408	26509	0.087
409	345651	0.0865
410	50509	0.0865
411	51305	0.086
412	25923	0.08549999999999999
413	7531	0.08499999999999999
414	2617	0.08399999999999999
415	23136	0.08399999999999999
416	64784	0.08349999999999999
417	673	0.08299999999999999
418	343069	0.08199999999999999
419	1298	0.08199999999999999
420	51307	0.08149999999999999
421	53369	0.08149999999999999
422	1307	0.081
423	5894	0.081
424	4217	0.0805
425	25827	0.08
426	23481	0.08
427	64866	0.0795
428	3304	0.0795
429	23753	0.079
430	369	0.079
431	2810	0.0785
432	23246	0.078
433	51599	0.0775
434	3777	0.077
435	10298	0.076
436	572	0.0755
437	3694	0.0755
438	7529	0.075
439	56907	0.074
440	30850	0.0735
441	6498	0.073
442	440915	0.0725
443	169981	0.0725
444	5604	0.072
445	2572	0.0715
446	1027	0.0715
447	4486	0.06949999999999999
448	221035	0.06899999999999999
449	23677	0.0685
450	23164	0.068
451	4321	0.067
452	23417	0.0665
453	7352	0.0665
454	993	0.066
455	6675	0.065
456	3329	0.0645
457	55103	0.0645
458	3696	0.0645
459	7249	0.064
460	2219	0.064
461	23313	0.0635
462	28954	0.063
463	4653	0.0625
464	207	0.0625
465	4190	0.062
466	7248	0.0615
467	9610	0.061
468	10749	0.0605
469	1457	0.06
470	712	0.0595
471	23094	0.0595
472	8470	0.059
473	203068	0.057999999999999996
474	55095	0.057499999999999996
475	404636	0.056999999999999995
476	3842	0.05600000000000001
477	26130	0.05600000000000001
478	1953	0.05600000000000001
479	387082	0.05550000000000001
480	5214	0.05500000000000001
481	3667	0.05500000000000001
482	10202	0.05450000000000001
483	80153	0.05450000000000001
484	4148	0.05450000000000001
485	1933	0.054000000000000006
486	9414	0.053500000000000006
487	301	0.053000000000000005
488	8655	0.051500000000000004
489	8789	0.051000000000000004
490	208	0.0505
491	7554	0.05
492	60	0.0495
493	727851	0.049
494	4194	0.049
495	3725	0.0485
496	185	0.048
497	2023	0.0475
498	811	0.0475
499	8344	0.047
500	7431	0.0465
501	4008	0.0465
502	2515	0.0465
503	84951	0.0455
504	2059	0.0455
505	4193	0.045
506	2316	0.045
507	8842	0.045
508	8668	0.044
509	8174	0.044
510	4637	0.043
511	4179	0.043
512	285761	0.042499999999999996
513	498	0.041999999999999996
514	8711	0.041999999999999996
515	2203	0.041499999999999995
516	3837	0.040999999999999995
517	3265	0.040999999999999995
518	7448	0.040999999999999995
519	5521	0.04
520	3827	0.04
521	685	0.04
522	7189	0.0395
523	5327	0.0395
524	2820	0.039
525	1795	0.0385
526	3646	0.0385
527	4323	0.0385
528	2331	0.0385
529	6237	0.038
530	5791	0.038
531	302	0.0375
532	10863	0.0375
533	4215	0.037
534	116449	0.037
535	2260	0.037
536	6233	0.0365
537	5354	0.0365
538	8516	0.0365
539	124912	0.0365
540	7417	0.0355
541	64759	0.0355
542	286343	0.034499999999999996
543	3691	0.034
544	7043	0.034
545	8517	0.0335
546	27335	0.033
547	2147	0.033
548	6695	0.033
549	114784	0.0325
550	55346	0.0325
551	2817	0.0325
552	10399	0.032
553	3915	0.0315
554	3903	0.0315
555	3313	0.031
556	5091	0.0305
557	2069	0.0305
558	2206	0.03
559	4792	0.03
560	8660	0.03
561	6936	0.03
562	7173	0.0295
563	9187	0.028999999999999998
564	11035	0.028999999999999998
565	2886	0.028999999999999998
566	11333	0.028999999999999998
567	29110	0.028000000000000004
568	80725	0.028000000000000004
569	3187	0.027500000000000004
570	5771	0.027500000000000004
571	7462	0.027000000000000003
572	1654	0.027000000000000003
573	6130	0.026500000000000003
574	8737	0.026000000000000002
575	7278	0.025500000000000002
576	6303	0.025
577	1147	0.025
578	64499	0.0245
579	2277	0.0245
580	71	0.024
581	3921	0.0235
582	10056	0.023
583	3309	0.0225
584	6223	0.022
585	25759	0.022
586	100125556	0.0215
587	9020	0.0215
588	7423	0.0215
589	4311	0.020999999999999998
590	9542	0.020999999999999998
591	22994	0.020499999999999997
592	23483	0.020499999999999997
593	9641	0.02
594	5971	0.019
595	115352	0.0185
596	309	0.0185
597	808	0.018
598	10750	0.017499999999999998
599	4869	0.017499999999999998
600	7416	0.017
601	971	0.0165
602	3178	0.0165
603	5329	0.0165
604	10010	0.016
605	23118	0.0155
606	8662	0.015
607	1499	0.015
608	5211	0.014499999999999999
609	1003	0.014499999999999999
610	1441	0.014499999999999999
611	170825	0.014000000000000002
612	7419	0.014000000000000002
613	5770	0.014000000000000002
614	10019	0.013500000000000002
615	7846	0.013500000000000002
616	2771	0.013000000000000001
617	2209	0.0125
618	10128	0.0125
619	64762	0.012
620	1793	0.012
621	6204	0.0115
622	6206	0.011
623	2268	0.011
624	5580	0.010499999999999999
625	26355	0.01
626	5594	0.01
627	54900	0.0095
628	7414	0.0095
629	7186	0.0095
630	11217	0.009
631	7410	0.0085
632	7132	0.0085
633	10657	0.008
634	8663	0.008
635	4904	0.0075
636	29934	0.007000000000000001
637	3305	0.007000000000000001
638	6176	0.006500000000000001
639	5058	0.006500000000000001
640	6202	0.006
641	5979	0.006
642	10480	0.0055
643	2334	0.005
644	2746	0.005
645	53358	0.005
646	4627	0.0045
647	1326	0.004
648	5795	0.004
649	933	0.004
650	5970	0.0035000000000000005
651	1974	0.003
652	3636	0.0025
653	8664	0.0025
654	7157	0.002
655	3716	0.002
656	9349	0.002
657	5595	0.002
658	6191	0.0015
659	27071	0.0015
660	1655	0.0005
