rank	node	rank_score
1	27034	176.5
2	55268	175.59949999999998
3	549	171.999
4	1891	171.0985
5	80724	170.598
6	84129	169.6975
7	1962	168.297
8	1892	167.796
9	3030	166.8955
10	3032	165.895
11	30	165.09650000000002
12	51	164.09449999999998
13	388552	163.48
14	3295	163.19400000000002
15	55330	162.5795
16	8309	162.2935
17	63915	161.679
18	2877	161.393
19	2647	160.77849999999998
20	2879	160.192
21	847	159.89249999999998
22	282991	159.878
23	23557	158.7765
24	2878	158.6915
25	10947	158.2775
26	6649	157.791
27	10239	157.177
28	2876	156.8905
29	1176	156.276
30	6647	155.7895
31	8120	155.37550000000002
32	257202	155.29000000000002
33	26985	154.475
34	10935	154.189
35	8943	153.5745
36	6648	152.888
37	7001	152.7885
38	116285	151.78699999999998
39	5052	151.4875
40	2936	150.4865
41	84264	149.38600000000002
42	3029	148.0855
43	2181	146.98499999999999
44	3033	146.2845
45	3158	145.28400000000002
46	3028	144.3835
47	3157	143.183
48	64064	142.7825
49	38	141.78199999999998
50	39	140.7815
51	5019	139.881
52	54511	137.374
53	65985	137.28050000000002
54	3155	132.3735
55	622	131.473
56	4594	128.27249999999998
57	8050	127.27150000000002
58	1638	127.2645
59	23464	126.172
60	8801	125.37100000000001
61	4967	124.5705
62	212	123.6695
63	8803	123.07000000000001
64	8802	121.869
65	587	121.76399999999998
66	1743	120.96849999999999
67	1629	120.6635
68	586	120.16300000000001
69	211	120.06800000000001
70	6392	119.0675
71	3712	119.0625
72	6391	117.867
73	7915	117.8665
74	6389	116.46599999999998
75	6390	115.5655
76	2271	114.26500000000001
77	7781	113.06199999999998
78	1757	100.6615
79	2731	99.661
80	285216	98.76050000000001
81	10797	97.86
82	6472	96.95750000000001
83	25902	96.459
84	6470	96.2595
85	4522	95.2585
86	80025	94.458
87	4524	92.857
88	7298	91.7565
89	60673	91.453
90	2356	91.056
91	79876	91.054
92	286297	90.05550000000001
93	10588	89.55499999999999
94	10841	88.3545
95	223	85.2525
96	79016	84.05199999999999
97	197257	83.3515
98	501	82.651
99	4329	81.5505
100	9380	80.149
101	217	79.05
102	3948	78.3485
103	8854	77.748
104	160287	77.0475
105	216	75.34700000000001
106	92483	74.9465
107	18	74.6495
108	219	73.546
109	224	71.54549999999999
110	55293	71.44500000000001
111	222	69.4435
112	284273	68.9405
113	220	68.343
114	218	67.54249999999999
115	3945	66.5445
116	221	66.242
117	55902	65.8415
118	137872	65.03999999999999
119	64087	65.012
120	3939	63.84400000000001
121	131	63.039
122	8659	62.6395
123	5832	62.5375
124	84532	62.340999999999994
125	686	61.702
126	130	61.5385
127	127	60.638
128	125	59.037
129	124	58.036
130	314	57.9365
131	8639	56.7355
132	4128	55.935
133	4129	55.1345
134	26	54.234
135	126	53.633500000000005
136	128	52.632999999999996
137	316	52.032500000000006
138	230	50.632
139	229	49.8315
140	226	49.031
141	51733	48.0305
142	84735	47.230000000000004
143	438	46.929500000000004
144	2571	45.9285
145	5238	45.028999999999996
146	118881	44.227999999999994
147	10327	43.427499999999995
148	231	42.626999999999995
149	2805	41.6265
150	2806	40.826
151	1644	39.7255
152	4357	39.525
153	1312	38.9245
154	5409	38.324
155	81793	37.8535
156	3176	36.7235
157	3067	35.9225
158	6818	35.5215
159	10993	34.823
160	1491	33.822
161	4353	33.321000000000005
162	6799	32.2205
163	8288	31.419999999999998
164	6817	30.018
165	112483	29.7195
166	6723	29.719
167	4953	28.2185
168	3034	26.817500000000003
169	23417	25.7155
170	7173	24.9165
171	56922	24.252
172	116173	23.917
173	84693	23.916
174	6303	23.515
175	2572	22.1145
176	5096	21.6135
177	57085	18.214
178	9641	17.905
179	2739	17.6045
180	4163	16.5045
181	121278	12.408
182	7054	11.706999999999999
183	7166	10.7065
184	6697	10.106
185	5211	9.403
186	10397	9.113
187	8789	9.102500000000001
188	5213	9.001999999999999
189	3620	8.605500000000001
190	23043	8.402
191	2203	7.7015
192	5214	7.400999999999999
193	5105	6.7125
194	54093	6.703999999999999
195	5106	6.211
196	5091	5.910500000000001
197	130752	5.91
198	4191	5.8115
199	171425	5.2095
200	4190	4.909000000000001
201	4048	4.900499999999999
202	55748	4.8075
203	529	4.703
204	10201	4.5085
205	2098	4.104
206	4833	4.1034999999999995
207	23600	3.6149999999999998
208	3106	3.507
209	151393	3.0100000000000002
210	4942	3.0045
211	440	2.504
212	6652	2.101
213	80155	2.0015
214	8574	1.905
215	8170	1.7075
216	7174	1.4055
217	384	0.7035
218	94081	0.603
219	1762	0.6025
220	7019	0.5005
221	23011	0.40099999999999997
222	51727	0.40099999999999997
223	4832	0.3045
224	4830	0.20350000000000001
225	1633	0.10149999999999999
226	1327	0.059
227	4514	0.058499999999999996
228	9377	0.057999999999999996
229	4512	0.057499999999999996
230	4513	0.056999999999999995
231	6821	0.056499999999999995
232	124637	0.05600000000000001
233	170712	0.05550000000000001
234	10975	0.05500000000000001
235	1350	0.05450000000000001
236	29796	0.054000000000000006
237	1347	0.053500000000000006
238	1537	0.053000000000000005
239	1346	0.052500000000000005
240	4519	0.052000000000000005
241	1339	0.051500000000000004
242	125965	0.051000000000000004
243	7386	0.0505
244	84701	0.05
245	1351	0.0495
246	7381	0.049
247	1349	0.0485
248	1340	0.048
249	27089	0.0475
250	7388	0.047
251	7385	0.0465
252	1337	0.046
253	7384	0.0455
254	9167	0.045
255	1345	0.0445
256	341947	0.044
257	4537	0.0435
258	1329	0.043
259	4540	0.042499999999999996
260	7991	0.041999999999999996
261	4538	0.041499999999999995
262	4718	0.040999999999999995
263	4713	0.0405
264	4711	0.04
265	4708	0.0395
266	4706	0.039
267	4710	0.0385
268	4709	0.038
269	4707	0.0375
270	4714	0.037
271	4712	0.0365
272	126328	0.036
273	4716	0.0355
274	4717	0.034999999999999996
275	4694	0.034499999999999996
276	4724	0.034
277	4535	0.0335
278	4696	0.033
279	4715	0.0325
280	55967	0.032
281	4731	0.0315
282	4723	0.031
283	4702	0.0305
284	4695	0.03
285	4541	0.0295
286	4539	0.028999999999999998
287	4705	0.028499999999999998
288	374291	0.028000000000000004
289	4729	0.027500000000000004
290	4728	0.027000000000000003
291	4701	0.026500000000000003
292	51079	0.026000000000000002
293	4726	0.025500000000000002
294	4725	0.025
295	4704	0.0245
296	4700	0.024
297	4698	0.0235
298	4722	0.023
299	4720	0.0225
300	4719	0.022
301	4536	0.0215
302	4697	0.020999999999999998
303	54539	0.020499999999999997
304	51103	0.02
305	51295	0.0195
306	51497	0.019
307	51056	0.0155
308	2109	0.009
309	387082	0.0085
310	11345	0.005
311	8760	0.004
312	11112	0.003
313	1040	0.003
314	29922	0.0025
315	4831	0.002
316	6902	0.0015
317	327	0.0005
318	873	0.0005
319	3704	0.0005
320	51504	0.0005
