rank	node	rank_score
1	351	177.0
2	339175	167.699
3	4137	159.498
4	51295	159.393
5	6714	154.6265
6	11140	150.357
7	55798	146.19650000000001
8	841	143.7995
9	140545	134.496
10	22983	132.59449999999998
11	54536	131.68800000000002
12	84106	129.995
13	84171	129.99099999999999
14	6468	127.994
15	9361	126.2905
16	1020	124.1825
17	24138	123.992
18	836	123.196
19	3437	121.59
20	839	121.19749999999999
21	2639	114.99249999999999
22	1795	112.79749999999999
23	25	112.771
24	2885	111.3955
25	2	111.19300000000001
26	1995	110.2935
27	642	107.7865
28	1558	107.28899999999999
29	4846	105.58
30	7001	105.085
31	10724	104.7885
32	5886	103.9875
33	51013	103.08699999999999
34	1559	102.69149999999999
35	1562	102.1845
36	65267	101.783
37	3337	101.586
38	2534	99.9805
39	4067	92.6775
40	5295	89.4745
41	56995	84.6495
42	54850	84.38550000000001
43	57190	82.579
44	2889	81.0685
45	5335	79.2695
46	6655	79.0655
47	4690	78.763
48	6667	78.2755
49	1956	77.775
50	1398	77.7625
51	11184	77.577
52	6654	76.769
53	9564	76.274
54	613	74.9645
55	80831	74.467
56	83941	74.3985
57	6464	73.976
58	6850	73.3795
59	56955	73.05199999999999
60	867	71.9705
61	1399	71.066
62	834	70.5955
63	10006	70.155
64	5921	68.273
65	2185	68.078
66	58512	66.9475
67	10278	66.6515
68	7372	66.569
69	2065	66.462
70	5829	66.3715
71	3937	66.2665
72	7535	65.86800000000001
73	8837	65.3915
74	128853	65.1485
75	4925	64.39349999999999
76	5747	64.15799999999999
77	840	63.391999999999996
78	55824	61.172000000000004
79	7409	61.161500000000004
80	29760	60.5635
81	445815	60.3395
82	57007	59.54
83	5781	59.461
84	83747	59.44200000000001
85	5777	58.364
86	207	58.0495
87	27	57.75449999999999
88	6622	57.5785
89	23230	56.9505
90	3932	55.556
91	868	55.057500000000005
92	7316	54.870000000000005
93	2064	54.456999999999994
94	27040	53.8605
95	3717	53.859
96	3055	53.553
97	124912	53.092
98	598	52.786500000000004
99	3815	51.459500000000006
100	5159	50.9555
101	5770	50.632
102	2057	50.2585
103	843	48.292500000000004
104	5336	47.96
105	1499	47.911500000000004
106	9749	47.5065
107	5590	45.9285
108	837	45.0945
109	2549	45.0535
110	79890	44.893
111	835	44.5895
112	1796	44.147000000000006
113	5925	43.872
114	50807	43.737
115	10392	42.9875
116	11250	42.9095
117	4233	42.631
118	842	42.588
119	2066	42.527499999999996
120	6452	41.8565
121	1445	41.546
122	3643	41.348
123	10451	40.552499999999995
124	54210	40.099000000000004
125	5594	40.0375
126	5788	39.654
127	7087	39.4755
128	4739	39.202
129	23385	38.795500000000004
130	84898	38.588
131	1436	37.87
132	9546	37.451
133	6776	37.1335
134	2887	37.036500000000004
135	5795	36.7355
136	8853	36.707499999999996
137	5782	36.626999999999995
138	4582	36.544
139	6777	36.433
140	51107	36.194
141	55851	35.9925
142	6461	35.928
143	6774	35.925
144	3702	35.751
145	10603	35.7405
146	4914	35.626
147	2099	34.705
148	9743	34.7035
149	2321	34.439
150	29886	34.259
151	5894	33.533
152	322	33.4945
153	7431	33.3335
154	3667	32.929
155	85358	32.8675
156	57559	32.786
157	3480	31.436
158	208	31.224
159	9103	31.136000000000003
160	7462	31.05
161	2690	30.9295
162	3716	30.835
163	7006	30.634500000000003
164	23581	30.290999999999997
165	126669	30.290499999999998
166	331	30.189
167	1775	30.085
168	3791	30.03
169	6792	29.974
170	8651	29.241500000000002
171	7410	29.145
172	367	28.8635
173	1457	28.610500000000002
174	92591	28.0785
175	10657	27.6455
176	5156	27.5315
177	10818	27.228499999999997
178	8767	27.181
179	64127	27.084000000000003
180	30011	26.907999999999998
181	3606	26.594
182	4969	26.464999999999996
183	27071	26.446500000000004
184	7525	26.4195
185	7287	26.3755
186	5595	26.3185
187	22861	26.2845
188	330	26.28
189	317	26.179499999999997
190	7185	25.978999999999996
191	558	25.6045
192	2213	25.543
193	1439	25.34
194	10750	24.549
195	3320	24.1635
196	9793	23.969
197	7454	23.619999999999997
198	5058	23.5055
199	831	23.262999999999998
200	3312	23.059
201	5296	23.0305
202	7132	22.9805
203	3635	22.942500000000003
204	10019	22.938
205	857	22.722
206	7837	22.651
207	10273	22.23
208	29998	22.057499999999997
209	3560	21.7225
210	5800	21.6175
211	7189	21.556
212	1759	21.4815
213	8529	20.8775
214	64714	20.6635
215	27240	20.6435
216	5979	20.1325
217	320	19.797
218	83464	19.697
219	1832	19.187
220	3303	18.6735
221	5578	18.444499999999998
222	695	18.341
223	5580	18.2215
224	596	17.982499999999998
225	10134	17.695
226	23624	17.409
227	9402	17.4025
228	637	17.0855
229	7314	17.0465
230	3875	16.785
231	22976	16.6815
232	10053	16.583000000000002
233	25970	16.214
234	2316	16.204
235	92737	15.7955
236	3308	15.734
237	3718	15.7255
238	6772	15.523000000000001
239	9021	15.4245
240	8631	15.384
241	26191	15.2135
242	9191	15.1885
243	3780	15.0765
244	3002	14.986
245	23787	14.572999999999999
246	1147	14.461000000000002
247	6722	14.273
248	933	14.065000000000001
249	10277	13.6905
250	1139	13.6735
251	5591	13.6525
252	1639	13.37
253	9229	13.2005
254	162989	13.190000000000001
255	10017	13.181999999999999
256	1022	13.081999999999999
257	1021	12.9875
258	329	12.974
259	54923	12.538499999999999
260	1313	12.4785
261	5604	12.4255
262	8660	12.424
263	10000	12.264
264	5793	12.117
265	29108	12.0815
266	3551	12.0535
267	55715	12.0205
268	79444	11.9655
269	7186	11.871500000000001
270	930	11.8675
271	64111	11.668000000000001
272	3324	11.615
273	27429	11.465
274	113802	11.248999999999999
275	2209	11.23
276	660	11.2265
277	8737	11.0755
278	100124696	11.019
279	8717	10.9745
280	7157	10.961
281	58484	10.7835
282	5599	10.600999999999999
283	9020	10.572
284	8795	10.475
285	57127	10.372499999999999
286	3326	10.3405
287	23118	10.2585
288	7297	10.2155
289	2137	10.0145
290	7182	9.9145
291	8915	9.8705
292	2861	9.65
293	3301	9.643
294	1027	9.583
295	57292	9.500499999999999
296	1025	9.477500000000001
297	4193	9.204
298	1019	9.187000000000001
299	114784	9.145
300	6853	9.078
301	2317	8.983
302	10485	8.98
303	10454	8.9575
304	2260	8.909
305	3654	8.8595
306	1017	8.7795
307	203068	8.762
308	113457	8.6695
309	573	8.6625
310	5787	8.618
311	91768	8.572
312	6885	8.5625
313	1441	8.5235
314	4215	8.439499999999999
315	5175	8.412
316	983	8.375
317	2289	8.3375
318	672	8.270999999999999
319	7278	8.2665
320	2268	8.213
321	10763	8.177
322	8517	8.1615
323	10010	8.0555
324	5970	7.9415
325	3310	7.935
326	3572	7.914499999999999
327	9784	7.8625
328	29110	7.8545
329	4790	7.74
330	3305	7.6685
331	11035	7.5675
332	1026	7.4485
333	3309	7.4455
334	2081	7.337000000000001
335	2033	7.312
336	9530	7.2455
337	92609	7.244
338	3925	7.1745
339	801	7.138
340	5287	7.1255
341	1326	7.06
342	4214	6.9510000000000005
343	273	6.8790000000000004
344	71	6.851999999999999
345	10382	6.7605
346	3575	6.6125
347	9532	6.5409999999999995
348	4791	6.445
349	3725	6.438
350	26133	6.358
351	3313	6.1505
352	4792	6.046
353	595	5.973
354	4793	5.955
355	5971	5.854
356	4794	5.7515
357	7010	5.715999999999999
358	919	5.7005
359	347733	5.6385
360	5934	5.5555
361	220717	5.531000000000001
362	790	5.464
363	1432	5.4435
364	4486	5.2165
365	8440	5.204
366	5966	5.1354999999999995
367	5771	5.1165
368	805	5.048
369	708	4.9345
370	2932	4.9225
371	5499	4.862
372	7133	4.8445
373	408	4.7475000000000005
374	238	4.7085
375	1213	4.6530000000000005
376	7534	4.6305
377	150684	4.5365
378	84152	4.4805
379	8607	4.328
380	5796	4.311
381	1459	4.154999999999999
382	7311	4.1274999999999995
383	9641	4.039
384	7275	4.015
385	4628	3.932
386	808	3.8425
387	8772	3.7775
388	409	3.6420000000000003
389	2533	3.507
390	5728	3.4524999999999997
391	6233	3.4435000000000002
392	355	3.378
393	2597	3.12
394	5170	3.006
395	53358	3.0015
396	2308	2.96
397	5879	2.803
398	4627	2.629
399	4217	2.426
400	2242	2.4010000000000002
401	572	2.354
402	4646	2.0315000000000003
403	581	1.8615
404	7531	1.8165
405	8239	1.722
406	5338	1.7100000000000002
407	5134	1.627
408	1654	1.5230000000000001
409	10758	1.447
410	4915	1.4075
411	60	1.3210000000000002
412	2322	1.21
413	64343	1.1205
414	6156	1.0115
415	4691	0.907
416	3454	0.713
417	1460	0.6585
418	84617	0.625
419	4001	0.569
420	2734	0.5235000000000001
421	257397	0.4485
422	54900	0.42750000000000005
423	4000	0.3685
424	51466	0.0895
425	1501	0.0805
426	55361	0.0805
427	55957	0.0805
428	80333	0.079
429	10972	0.078
430	8996	0.077
431	51237	0.077
432	22883	0.077
433	332	0.0765
434	89857	0.0765
435	10959	0.0765
436	8808	0.076
437	5621	0.076
438	2903	0.0755
439	729	0.075
440	4045	0.074
441	8797	0.0725
442	51103	0.0725
443	894	0.0715
444	6948	0.0715
445	8743	0.071
446	127933	0.0705
447	22839	0.0705
448	6241	0.06999999999999999
449	6506	0.06999999999999999
450	1605	0.06999999999999999
451	389114	0.06899999999999999
452	9228	0.0685
453	7187	0.068
454	7177	0.0675
455	56616	0.067
456	3832	0.0665
457	22941	0.0665
458	4055	0.066
459	5127	0.066
460	6581	0.066
461	4007	0.065
462	60401	0.0645
463	3980	0.064
464	8740	0.063
465	998	0.063
466	27250	0.061
467	57099	0.0605
468	8851	0.0605
469	50852	0.06
470	126308	0.0595
471	6237	0.0595
472	26092	0.057499999999999996
473	8792	0.056499999999999995
474	838	0.05550000000000001
475	9472	0.05500000000000001
476	81928	0.053000000000000005
477	23429	0.052500000000000005
478	1728	0.051500000000000004
479	83596	0.05
480	55664	0.0485
481	1600	0.048
482	673	0.0475
483	2151	0.046
484	5867	0.0395
485	7465	0.039
486	9744	0.0375
487	4145	0.0365
488	9131	0.036
489	4088	0.034499999999999996
490	974	0.034
491	356	0.033
492	7415	0.0325
493	4741	0.0315
494	2206	0.0315
495	4654	0.031
496	4194	0.0305
497	4150	0.03
498	4637	0.0295
499	4609	0.028000000000000004
500	283455	0.025
501	7416	0.0245
502	5610	0.023
503	9187	0.023
504	2969	0.0225
505	640	0.0225
506	1917	0.0215
507	26471	0.0215
508	11076	0.020999999999999998
509	4332	0.02
510	10128	0.0195
511	5601	0.0195
512	10892	0.019
513	2002	0.019
514	498	0.0185
515	302	0.018
516	5757	0.018
517	10788	0.017499999999999998
518	9462	0.017
519	285855	0.016
520	3561	0.016
521	1050	0.016
522	4869	0.0155
523	139716	0.0155
524	2908	0.0155
525	3329	0.015
526	1387	0.015
527	6207	0.014000000000000002
528	1000	0.014000000000000002
529	3297	0.014000000000000002
530	6204	0.013500000000000002
531	3065	0.013500000000000002
532	1933	0.013000000000000001
533	3187	0.0125
534	1051	0.0125
535	57506	0.012
536	1111	0.012
537	8503	0.0115
538	9919	0.0115
539	10056	0.011
540	7529	0.011
541	6141	0.010499999999999999
542	4303	0.010499999999999999
543	7846	0.01
544	7852	0.01
545	6223	0.0095
546	142	0.0095
547	22974	0.0095
548	10202	0.009
549	8664	0.0085
550	115352	0.0085
551	7419	0.008
552	3566	0.008
553	8202	0.008
554	301	0.0075
555	10728	0.0075
556	58480	0.007000000000000001
557	7015	0.007000000000000001
558	2023	0.006500000000000001
559	6503	0.006500000000000001
560	309	0.006
561	6504	0.006
562	3091	0.006
563	7417	0.0055
564	6146	0.005
565	4058	0.005
566	10499	0.005
567	10399	0.0045
568	6709	0.0045
569	63970	0.0045
570	10480	0.004
571	10963	0.004
572	8344	0.0035000000000000005
573	5062	0.0035000000000000005
574	1843	0.0035000000000000005
575	3184	0.003
576	27335	0.0025
577	3690	0.0025
578	3842	0.002
579	3636	0.002
580	3921	0.0015
581	1500	0.0015
582	6421	0.0015
583	89790	0.0015
584	6206	0.001
585	6416	0.001
586	8662	0.0005
587	152137	0.0005
588	2287	0.0005
