rank	node	rank_score
1	9478	179.7
2	3710	158.59949999999998
3	7221	157.799
4	7225	156.9985
5	7223	156.198
6	7224	155.39749999999998
7	7220	154.597
8	7222	153.7965
9	57113	152.696
10	4599	152.4955
11	9454	151.395
12	9456	150.59449999999998
13	7226	149.794
14	2911	148.6935
15	84876	148.493
16	2915	147.2925
17	1948	146.092
18	2195	145.8915
19	2767	144.69
20	5998	143.7895
21	3709	143.59099999999998
22	2890	140.88400000000001
23	9463	139.88299999999998
24	2893	138.6825
25	5579	124.0845
26	5578	122.282
27	6383	121.66399999999999
28	5590	117.079
29	5584	110.97200000000001
30	9266	109.76599999999999
31	624	108.78099999999999
32	5581	107.7805
33	2904	106.5445
34	23426	104.9875
35	2902	104.944
36	2897	104.58699999999999
37	4900	103.97849999999998
38	5588	103.97550000000001
39	2036	103.7865
40	5580	103.57750000000001
41	1947	102.88600000000001
42	120	102.77799999999999
43	65108	101.67699999999999
44	2891	101.1855
45	2898	100.58500000000001
46	6386	100.5835
47	5734	100.176
48	2560	99.48150000000001
49	433	99.375
50	2892	99.283
51	2566	98.97
52	2899	98.7825
53	2913	98.181
54	160622	97.9805
55	5583	97.8735
56	7504	97.7745
57	1267	96.874
58	5341	95.773
59	6876	95.37100000000001
60	2048	95.268
61	3749	94.8835
62	917	94.77250000000001
63	846	93.9715
64	4842	93.45450000000001
65	2561	92.56949999999999
66	5066	92.17049999999999
67	2152	90.16900000000001
68	5243	89.26849999999999
69	9267	88.468
70	150	87.5675
71	119	86.76700000000001
72	1103	86.6795
73	2705	85.8665
74	60312	85.67999999999999
75	4082	84.5655
76	3150	83.36449999999999
77	118	82.765
78	4689	82.4635
79	4225	81.563
80	2673	81.35799999999999
81	10369	81.1845
82	1742	80.5815
83	3554	80.5625
84	815	80.14500000000001
85	2901	79.88199999999999
86	26353	79.562
87	2895	79.384
88	3559	78.461
89	2781	77.6605
90	4985	76.86
91	2769	76.0595
92	8682	75.7475
93	10287	75.259
94	9421	74.3585
95	116443	73.869
96	7137	72.157
97	55024	71.7905
98	5566	70.15650000000001
99	2243	69.856
100	9338	69.65299999999999
101	3706	69.5515
102	5568	68.6555
103	5567	67.155
104	2931	66.8535
105	3315	66.4615
106	1080	66.0855
107	688	65.85
108	3105	65.654
109	5782	65.152
110	7037	63.649
111	1386	63.152499999999996
112	821	61.557500000000005
113	6199	60.4505
114	156	60.351
115	7074	60.076499999999996
116	998	59.9
117	158358	59.5995
118	1601	57.3485
119	154	57.04600000000001
120	3875	56.7435
121	334	56.548
122	6714	56.5415
123	960	54.5495
124	5587	53.246500000000005
125	1739	52.1795
126	2903	51.3745
127	5894	50.641
128	94274	50.147000000000006
129	3667	49.236000000000004
130	2670	49.142
131	1741	49.07899999999999
132	3269	48.5455
133	6944	48.543
134	3280	48.040499999999994
135	4233	47.0395
136	27165	45.5785
137	1740	45.5775
138	85461	45.480000000000004
139	207	45.1345
140	491	44.876
141	818	44.3425
142	8573	43.874
143	493	43.3755
144	5788	43.339
145	6331	43.278
146	9229	43.1725
147	10207	42.975
148	3739	42.973
149	3759	42.8735
150	8825	42.6715
151	3761	42.572
152	5170	42.5355
153	9419	42.3765
154	3643	42.339999999999996
155	22866	42.277
156	301	42.037
157	3768	41.771
158	5770	41.7385
159	1956	41.738
160	64130	41.37
161	2905	41.0695
162	9590	40.9375
163	817	38.934000000000005
164	2906	38.161
165	8831	38.0615
166	816	37.632999999999996
167	5592	37.588
168	22839	37.4605
169	7534	36.32899999999999
170	4780	36.2365
171	10000	33.335
172	2316	32.0265
173	4001	31.6315
174	6624	31.630000000000003
175	488	31.432
176	857	31.0305
177	4000	30.831
178	7431	29.232499999999998
179	58	29.1295
180	572	29.128499999999995
181	3689	26.924500000000002
182	6329	26.766
183	57555	26.464499999999997
184	673	26.426
185	23095	26.265499999999996
186	6640	26.166499999999996
187	90627	26.064999999999998
188	320	26.064
189	55327	25.8635
190	208	25.325499999999998
191	9495	25.231
192	5350	24.728
193	1385	23.6335
194	2534	23.3185
195	7430	21.525
196	1445	21.52
197	4627	20.0275
198	5747	19.220499999999998
199	5338	19.118000000000002
200	9455	17.589
201	6261	17.3885
202	2280	17.2875
203	2834	17.182
204	5954	17.087
205	10335	16.9865
206	6262	16.886000000000003
207	6263	16.785
208	7054	16.622999999999998
209	3480	16.2195
210	80852	15.982499999999998
211	1464	15.884
212	5331	15.824000000000002
213	5335	15.321000000000002
214	5781	15.219
215	116444	12.6655
216	2064	12.416
217	302	11.927000000000001
218	3691	11.9135
219	6197	11.3225
220	23236	10.8235
221	5058	10.621500000000001
222	2185	10.01
223	3717	9.9165
224	6464	9.714
225	2887	9.317499999999999
226	5159	8.7155
227	6915	7.322
228	3932	6.3125
229	7409	5.304
230	867	4.708
231	1439	4.414499999999999
232	5795	4.4055
233	6850	3.7120000000000006
234	6774	3.315
235	4067	3.2105000000000006
236	8826	3.1125
237	801	3.0185
238	5295	3.0045
239	10399	2.817
240	5777	2.8085
241	6772	2.513
242	5595	2.4115
243	58512	2.107
244	4486	1.9454999999999998
245	2057	1.7064999999999997
246	3716	1.309
247	5829	1.3005
248	6776	1.2109999999999999
249	3560	1.2095
250	6777	1.0074999999999998
251	9846	1.006
252	3815	0.705
253	613	0.703
254	2690	0.607
255	5921	0.602
256	7297	0.5035000000000001
257	25	0.40099999999999997
258	1399	0.1025
259	139105	0.0985
260	9743	0.098
261	56256	0.0975
262	9411	0.097
263	56924	0.0965
264	197	0.096
265	8031	0.0955
266	8569	0.095
267	6198	0.0945
268	1978	0.094
269	1977	0.0935
270	2475	0.093
271	5520	0.0925
272	2667	0.092
273	5515	0.0915
274	23235	0.091
275	10576	0.0905
276	5519	0.09
277	5518	0.0895
278	80005	0.089
279	5522	0.0885
280	10694	0.088
281	908	0.0875
282	116986	0.087
283	10575	0.087
284	55844	0.0865
285	22948	0.086
286	10574	0.08549999999999999
287	7203	0.08499999999999999
288	29966	0.08449999999999999
289	5516	0.08399999999999999
290	6801	0.08349999999999999
291	8428	0.08299999999999999
292	6280	0.08249999999999999
293	83992	0.08249999999999999
294	25843	0.08199999999999999
295	6950	0.08149999999999999
296	3476	0.081
297	5531	0.0805
298	5524	0.08
299	441241	0.0795
300	55917	0.079
301	85369	0.0785
302	11235	0.078
303	10494	0.0775
304	29888	0.077
305	80143	0.0765
306	80342	0.076
307	646	0.0755
308	57464	0.0755
309	54882	0.075
310	26127	0.0745
311	51765	0.074
312	7871	0.0735
313	54764	0.073
314	10376	0.0725
315	4215	0.072
316	203068	0.0715
317	29110	0.071
318	5528	0.0705
319	402	0.06999999999999999
320	60	0.06949999999999999
321	151648	0.06899999999999999
322	5529	0.0685
323	151246	0.068
324	5525	0.0675
325	4137	0.067
326	57787	0.066
327	6300	0.0655
328	9891	0.0655
329	6794	0.065
330	7415	0.0645
331	4139	0.064
332	2011	0.0635
333	23255	0.063
334	7531	0.0625
335	4140	0.062
336	84552	0.0615
337	4134	0.061
338	50855	0.0605
339	7316	0.06
340	4163	0.0595
341	4609	0.059
342	7529	0.058499999999999996
343	84612	0.057999999999999996
344	56288	0.057499999999999996
345	7533	0.056499999999999995
346	28954	0.05600000000000001
347	3320	0.054000000000000006
348	11180	0.053500000000000006
349	10971	0.052500000000000005
350	9181	0.052000000000000005
351	60598	0.051500000000000004
352	4194	0.051000000000000004
353	51305	0.0505
354	2810	0.05
355	3777	0.0495
356	7532	0.049
357	7249	0.0485
358	4217	0.047
359	7015	0.0445
360	10298	0.044
361	10746	0.0435
362	80153	0.043
363	57530	0.042499999999999996
364	7248	0.041999999999999996
365	84335	0.041499999999999995
366	9493	0.040999999999999995
367	1027	0.0405
368	5208	0.04
369	23677	0.0395
370	6195	0.039
371	85440	0.0385
372	23313	0.038
373	581	0.0375
374	2932	0.037
375	993	0.0365
376	1111	0.036
377	5970	0.0355
378	5591	0.034999999999999996
379	5604	0.034499999999999996
380	3303	0.034
381	1326	0.0335
382	3551	0.033
383	3312	0.0325
384	3326	0.032
385	4214	0.0315
386	11140	0.031
387	4791	0.0305
388	1147	0.03
389	4792	0.0295
390	7314	0.028999999999999998
391	4793	0.028499999999999998
392	4794	0.028000000000000004
393	8517	0.027500000000000004
394	3309	0.027000000000000003
395	3313	0.026500000000000003
396	113457	0.026000000000000002
397	5971	0.025500000000000002
398	7278	0.025
399	4790	0.0245
400	92609	0.024
401	1213	0.0235
402	6885	0.023
403	790	0.0225
404	23118	0.022
405	11035	0.0215
406	10382	0.020999999999999998
407	8737	0.020499999999999997
408	3305	0.02
409	7186	0.0195
410	5530	0.019
411	9020	0.019
412	10010	0.018
413	9532	0.017499999999999998
414	8717	0.017
415	805	0.0165
416	7132	0.016
417	71	0.0155
418	7133	0.015
419	808	0.014499999999999999
420	6236	0.014499999999999999
421	5966	0.014000000000000002
422	409	0.013500000000000002
423	4654	0.013500000000000002
424	708	0.013000000000000001
425	4628	0.0125
426	9641	0.012
427	10454	0.0115
428	3310	0.011
429	347733	0.010499999999999999
430	8767	0.01
431	2549	0.01
432	7189	0.0095
433	3301	0.009
434	5594	0.009
435	6233	0.0085
436	7311	0.008
437	3856	0.0075
438	4646	0.0075
439	408	0.007000000000000001
440	3654	0.006500000000000001
441	5793	0.006
442	7185	0.0055
443	85358	0.005
444	8239	0.005
445	5787	0.005
446	220717	0.0045
447	8607	0.004
448	5800	0.004
449	841	0.0035000000000000005
450	331	0.003
451	7128	0.0025
452	150684	0.002
453	1796	0.0015
454	1917	0.0015
455	5537	0.001
456	8454	0.0005
457	4914	0.0005
