rank	node	rank_score
1	7067	179.6
2	2033	177.398
3	6777	174.3985
4	6776	172.79749999999999
5	6772	171.497
6	6774	169.99650000000003
7	55250	130.4945
8	5595	126.593
9	5594	125.89200000000001
10	2114	117.699
11	3725	114.99600000000001
12	3560	113.494
13	6688	113.09949999999999
14	6996	111.4875
15	5970	110.79
16	2099	95.588
17	2353	94.4955
18	6256	93.289
19	367	91.591
20	23054	91.59049999999999
21	2908	91.3925
22	9612	89.98949999999999
23	8648	88.7915
24	7421	88.2865
25	2113	87.89500000000001
26	8202	87.887
27	602	86.9885
28	5914	85.9845
29	9611	84.9835
30	10499	84.286
31	5451	83.5855
32	4088	82.683
33	8841	82.6735
34	5468	82.5755
35	573	82.12100000000001
36	1432	81.481
37	1051	81.4805
38	1050	80.37899999999999
39	5599	79.5815
40	1386	79.4795
41	5925	78.676
42	6667	78.582
43	4089	77.4785
44	4087	76.777
45	6597	76.4765
46	672	72.878
47	3065	71.874
48	6908	71.775
49	5241	71.58500000000001
50	6599	70.873
51	7157	70.56649999999999
52	6601	69.4725
53	3066	68.97200000000001
54	6598	68.5715
55	5469	67.957
56	6595	67.771
57	2959	67.57050000000001
58	6602	66.47
59	6605	65.069
60	25942	64.56949999999999
61	1024	64.065
62	6603	63.766999999999996
63	6604	63.567499999999995
64	57492	63.268499999999996
65	9412	63.063
66	8289	62.86800000000001
67	54760	62.7625
68	2962	62.062
69	2965	60.661
70	892	60.5615
71	10589	60.1605
72	86	59.3645
73	2960	59.36
74	8850	59.259
75	5430	58.7595
76	3172	58.61800000000001
77	7155	58.3655
78	8204	57.817499999999995
79	7068	57.782500000000006
80	10401	57.4745
81	5465	57.418499999999995
82	3718	57.19449999999999
83	5771	56.99550000000001
84	3716	56.9935
85	9031	56.6635
86	6773	56.491
87	2967	56.35850000000001
88	2071	56.257999999999996
89	1022	55.8575
90	7852	55.7915
91	8651	55.692499999999995
92	3455	55.489999999999995
93	2690	54.895
94	5777	54.891999999999996
95	6778	54.890499999999996
96	7297	54.5895
97	10498	54.565999999999995
98	9325	54.284000000000006
99	5781	54.089
100	5928	54.064
101	3454	53.7885
102	4654	52.028
103	5600	52.019499999999994
104	5295	51.983000000000004
105	5788	51.8875
106	9021	51.686
107	6464	51.6845
108	2057	51.5835
109	8660	51.3855
110	9252	51.3775
111	8819	51.355500000000006
112	6872	50.955
113	3621	50.9535
114	3643	50.8865
115	3667	50.787
116	5931	50.754000000000005
117	51742	50.753
118	1399	50.4825
119	5156	50.3815
120	3566	50.285000000000004
121	3932	49.7735
122	9219	49.7545
123	867	49.682
124	3480	49.584
125	1439	49.371
126	6880	48.7495
127	10603	48.375
128	3572	48.35850000000001
129	2100	48.217
130	6850	48.1765
131	4067	47.8755
132	53615	47.8515
133	2885	47.781
134	5747	47.777
135	10284	47.7525
136	2185	47.277499999999996
137	1956	46.9785
138	6878	46.949
139	53981	46.8485
140	2064	46.576
141	7409	46.278
142	3297	46.2405
143	4297	46.048
144	10891	45.82
145	1398	45.778999999999996
146	11198	45.7565
147	8189	45.7475
148	5770	45.479499999999994
149	5921	45.4745
150	6714	45.3805
151	613	44.88
152	6883	44.847
153	8932	44.751999999999995
154	5929	44.6465
155	9846	44.574
156	23028	44.146
157	2534	43.773
158	5335	43.7725
159	11091	43.644999999999996
160	2065	43.4655
161	57459	42.851
162	7535	42.7645
163	1107	42.7455
164	5901	42.544
165	1025	42.542
166	1108	42.45
167	4914	42.37050000000001
168	8467	42.3445
169	10657	42.072
170	5977	41.8505
171	5336	41.471500000000006
172	55824	41.164
173	9343	40.0435
174	3937	39.963
175	1445	39.766
176	25	39.668
177	868	39.556
178	4609	39.343
179	10451	39.25449999999999
180	1796	39.17
181	3055	39.165
182	6654	39.0635
183	3635	38.9695
184	2549	38.969
185	27040	38.9615
186	6461	38.661
187	2889	38.4675
188	9564	38.367000000000004
189	5829	38.1685
190	6452	38.06
191	11184	37.7605
192	5782	36.8665
193	5795	36.562
194	4233	36.2625
195	29760	35.6555
196	2321	35.35
197	27	35.2595
198	4690	34.8565
199	3516	34.641
200	10278	34.153499999999994
201	10006	33.557
202	2887	33.0995
203	3791	33.0505
204	7006	32.859
205	5296	32.757999999999996
206	1436	32.457499999999996
207	6655	32.452999999999996
208	7525	32.1495
209	6257	32.102
210	3702	32.055
211	5580	31.647000000000002
212	2066	31.154000000000003
213	2623	31.056
214	695	30.5525
215	7454	30.351999999999997
216	2969	30.3425
217	50807	30.250999999999998
218	9862	30.015499999999996
219	100124696	29.851499999999998
220	660	29.549
221	10818	29.444499999999998
222	3164	29.432499999999997
223	5800	29.2485
224	7528	29.241500000000002
225	6830	29.128999999999998
226	3575	29.027499999999996
227	9402	28.1375
228	2260	27.939
229	5787	27.846500000000002
230	26191	27.645999999999997
231	5793	27.4475
232	5979	26.344
233	2242	26.340999999999998
234	2268	26.1365
235	7010	25.545499999999997
236	857	25.5435
237	2213	25.3425
238	9440	25.215
239	60	25.133499999999998
240	5601	25.1205
241	5175	24.7405
242	55193	24.732999999999997
243	25970	24.643
244	9282	24.413999999999998
245	904	24.116
246	55715	23.9415
247	3308	23.934
248	23186	23.84
249	7410	23.740000000000002
250	9112	23.738999999999997
251	1457	23.624000000000002
252	238	23.339499999999997
253	23309	23.238
254	5796	23.0385
255	4582	22.942
256	4298	22.741
257	85509	22.438499999999998
258	930	22.438
259	7750	22.3375
260	1441	22.037
261	9203	21.837
262	3559	21.704500000000003
263	7462	21.636000000000003
264	4739	21.6355
265	51317	21.3365
266	1487	21.235
267	1499	21.133499999999998
268	23199	20.836000000000002
269	9743	20.732999999999997
270	3360	20.4355
271	30011	20.4345
272	1000	20.432499999999997
273	933	20.131999999999998
274	10750	19.735
275	2886	19.734
276	919	19.5305
277	55620	19.497
278	10362	19.3345
279	10019	19.03
280	54815	18.7395
281	10399	18.726
282	558	18.629
283	8440	18.529500000000002
284	4204	18.431
285	860	18.192
286	23607	17.9285
287	8295	17.414499999999997
288	1017	17.1295
289	3561	17.127000000000002
290	58512	16.9315
291	1869	16.727
292	4486	16.5265
293	56955	16.4255
294	7376	16.381999999999998
295	3275	16.277
296	8431	16.187
297	6503	16.0225
298	10062	15.979499999999998
299	6258	15.879
300	3636	15.8245
301	5916	15.7785
302	51412	15.732
303	2648	15.7125
304	5467	15.678
305	128853	15.625
306	9968	15.612
307	83747	15.224
308	9439	15.211500000000001
309	196528	14.8315
310	10025	14.811000000000002
311	64426	14.727500000000001
312	57504	14.630500000000001
313	3320	14.626499999999998
314	53358	14.623
315	55636	14.23
316	3091	14.023
317	3054	13.925999999999998
318	9739	13.9255
319	9969	13.91
320	8473	13.625
321	4915	13.622
322	81857	13.610500000000002
323	10001	13.6095
324	27071	13.318999999999999
325	9070	13.2245
326	8853	13.223500000000001
327	356	13.2215
328	84246	13.209
329	9443	13.108500000000001
330	3312	12.4225
331	51586	12.408
332	4602	12.3235
333	8290	12.322
334	2533	12.221
335	9442	12.2075
336	5170	11.831
337	25855	11.8215
338	9477	11.7065
339	29079	11.706
340	90390	11.2055
341	400569	11.004999999999999
342	8503	10.8205
343	23624	10.72
344	23389	10.6045
345	5338	10.518
346	5578	10.411
347	6837	10.303999999999998
348	80831	10.028
349	23097	10.003499999999999
350	4790	9.879999999999999
351	54797	9.7025
352	9441	9.501999999999999
353	112950	9.303
354	9967	8.907
355	595	8.8285
356	55090	8.8015
357	7275	8.7185
358	55588	8.500499999999999
359	5590	8.405
360	5587	8.2115
361	80306	8.200999999999999
362	974	8.1175
363	27240	8.1125
364	640	7.917
365	5439	7.900999999999999
366	9103	7.716499999999999
367	5431	7.7015
368	5435	7.7005
369	2904	7.609999999999999
370	916	7.5155
371	5581	7.4079999999999995
372	1601	7.406999999999999
373	50852	7.315
374	1795	7.314
375	51003	7.2035
376	11177	7.021000000000001
377	219541	7.003
378	6004	6.9159999999999995
379	8471	6.901999999999999
380	8535	6.5025
381	5894	6.403999999999999
382	7316	6.3195
383	25759	6.312
384	5579	6.3065
385	1154	5.6105
386	3326	5.319
387	3690	5.3015
388	5588	5.2035
389	6722	5.1129999999999995
390	1459	4.913500000000001
391	1969	4.8145
392	2961	4.413500000000001
393	7044	4.2385
394	960	4.103
395	2966	4.013
396	2068	4.0125
397	5438	3.815
398	5433	3.7165
399	5440	3.714
400	3020	3.6189999999999998
401	5432	3.6174999999999997
402	902	3.6049999999999995
403	5436	3.5159999999999996
404	2968	3.411
405	4331	3.408
406	921	3.4055
407	973	3.306
408	5434	3.1145
409	5290	3.1075
410	5583	3.0004999999999997
411	2963	2.8105
412	2048	2.8095
413	2209	2.613
414	6689	2.5045
415	9046	2.4135
416	5441	2.412
417	5437	2.4115
418	207	2.4045
419	5618	2.309
420	8682	2.101
421	8835	1.9085
422	26015	1.81
423	9150	1.8094999999999999
424	5584	1.6004999999999998
425	688	1.2015
426	3689	1.101
427	55031	1.009
428	196	0.4165
429	6886	0.21150000000000002
430	3563	0.1075
431	4862	0.095
432	4094	0.0935
433	1052	0.086
434	8805	0.0775
435	8856	0.075
436	6497	0.074
437	5915	0.06949999999999999
438	51592	0.0635
439	7704	0.0185
440	9759	0.017499999999999998
441	7341	0.017
442	3622	0.0165
443	5926	0.016
444	10474	0.016
445	604	0.0155
446	79595	0.015
447	5933	0.014499999999999999
448	142	0.014000000000000002
449	64714	0.014000000000000002
450	6613	0.013000000000000001
451	58480	0.013000000000000001
452	10036	0.012
453	8751	0.010499999999999999
454	2957	0.010499999999999999
455	84312	0.0095
456	6199	0.0075
457	3309	0.006500000000000001
458	1267	0.006500000000000001
459	9267	0.005
460	4058	0.0045
461	9266	0.0045
462	5582	0.004
463	5728	0.0035000000000000005
464	2705	0.0035000000000000005
465	2902	0.003
466	6237	0.0025
467	5287	0.0025
468	624	0.0025
469	4900	0.002
470	120	0.0015
471	334	0.001
472	5591	0.0005
473	3706	0.0005
