rank	node	rank_score
1	2767	177.4
2	2776	172.09949999999998
3	3357	148.4975
4	5739	146.697
5	8128	139.0985
6	6714	118.62449999999998
7	5295	97.299
8	5578	96.475
9	2534	92.313
10	6915	89.38050000000001
11	1956	89.137
12	3643	87.009
13	3932	86.4475
14	4070	83.4725
15	5335	81.8035
16	5580	81.5565
17	5788	79.115
18	5894	78.955
19	6003	75.599
20	3667	75.5065
21	156	75.46549999999999
22	5781	72.59700000000001
23	3717	67.398
24	55188	67.19800000000001
25	7275	67.096
26	2911	65.9515
27	154	65.65799999999999
28	2316	65.5735
29	4985	63.263999999999996
30	857	63.2375
31	5770	62.916
32	5777	62.7885
33	10672	60.673
34	5782	60.226
35	5159	58.87949999999999
36	9289	57.596500000000006
37	2885	57.5955
38	4233	57.3335
39	6464	57.184000000000005
40	3560	57.092000000000006
41	2784	56.696000000000005
42	975	56.19349999999999
43	59345	56.095000000000006
44	6777	56.089
45	6004	55.87050000000001
46	2782	55.394000000000005
47	2783	55.193000000000005
48	94235	54.790499999999994
49	3716	54.69449999999999
50	10399	54.504999999999995
51	6850	54.3755
52	867	54.3745
53	2785	54.19
54	5156	54.18299999999999
55	613	54.067499999999995
56	2185	53.675
57	2793	53.589
58	3815	53.3765
59	2788	53.288
60	6776	53.283500000000004
61	2790	52.8865
62	2064	52.769000000000005
63	5579	52.7595
64	5592	52.7255
65	2792	52.492
66	2786	52.4875
67	2057	52.3815
68	654364	52.2845
69	4067	52.277499999999996
70	55970	52.185500000000005
71	4543	52.092499999999994
72	51764	51.887
73	3791	51.866
74	54331	51.689499999999995
75	2778	51.5945
76	2791	51.585
77	2787	51.086
78	5581	51.0635
79	5921	50.9705
80	2769	50.963
81	7409	50.8685
82	2690	50.495
83	1439	50.480000000000004
84	624	50.359
85	1399	50.2695
86	10681	50.088499999999996
87	5747	49.873000000000005
88	4544	49.7915
89	2887	49.3725
90	150	49.364999999999995
91	9846	49.267
92	6772	48.882
93	1445	48.8005
94	5566	48.6305
95	7297	48.5865
96	2773	48.483000000000004
97	6774	48.390499999999996
98	11035	48.382
99	695	48.357
100	5583	47.8525
101	5568	47.427499999999995
102	6461	47.3805
103	1398	47.372
104	5590	47.150999999999996
105	5567	46.935
106	2705	46.334500000000006
107	6000	46.181
108	7535	46.165
109	5582	46.148
110	25	45.9605
111	60626	45.476
112	9590	45.3235
113	2770	45.18
114	2771	45.169
115	10287	44.771
116	64407	44.6825
117	8490	44.577999999999996
118	2775	44.4765
119	3480	44.474000000000004
120	821	44.1605
121	10603	44.085
122	2781	44.0555
123	3269	43.927
124	2867	43.879
125	2065	43.8645
126	60312	43.849000000000004
127	55824	43.55
128	54866	43.0105
129	10076	42.468
130	3718	42.190999999999995
131	1796	41.863
132	3937	41.755
133	1234	41.57
134	3575	41.288
135	10636	40.562
136	2915	40.3495
137	6654	40.257
138	5336	39.961
139	8651	39.878
140	1080	39.8415
141	8660	39.7895
142	9021	39.593
143	7226	39.397000000000006
144	10451	39.3425
145	7222	39.1985
146	7225	39.098
147	5588	39.0535
148	7220	38.9995
149	57113	38.999
150	64499	38.9975
151	5584	38.65
152	7221	38.3935
153	9294	38.378499999999995
154	4842	38.3575
155	11184	38.3535
156	2865	37.8745
157	2890	37.8445
158	7223	37.7975
159	3708	37.795500000000004
160	2560	37.632
161	7224	37.596500000000006
162	4599	37.596000000000004
163	84876	37.593
164	27	37.462
165	9456	37.094
166	27040	36.956
167	9454	36.8945
168	4900	36.852999999999994
169	5734	36.646
170	6452	36.6455
171	120	36.2505
172	57292	36.207
173	2195	36.092
174	4914	35.6845
175	2893	35.5435
176	301	35.5165
177	2549	35.3575
178	65108	35.246500000000005
179	4690	35.054500000000004
180	4988	34.5615
181	3055	34.559000000000005
182	387	34.489
183	1103	34.244
184	10335	34.1885
185	10657	33.763999999999996
186	1436	33.37
187	115557	33.188
188	10130	32.883500000000005
189	1267	32.756
190	9266	32.7485
191	3315	32.7355
192	10750	32.5555
193	846	32.554500000000004
194	433	32.545
195	3362	32.491
196	920	32.435500000000005
197	56995	32.312
198	85450	32.181
199	3118	32.0945
200	56955	32.049
201	5729	31.784000000000002
202	7504	31.442
203	7074	31.440499999999997
204	2768	31.366499999999995
205	2889	31.366499999999995
206	10006	31.2565
207	5771	30.981
208	2321	30.9635
209	7852	30.8855
210	83543	30.4815
211	3635	30.4625
212	3572	30.391499999999997
213	5243	30.0365
214	868	29.951999999999998
215	5341	29.639999999999997
216	29760	29.2515
217	25970	29.178499999999996
218	26353	29.023000000000003
219	7462	28.7505
220	9564	28.654000000000003
221	5829	28.46
222	917	28.438499999999998
223	119	28.4315
224	6199	28.247500000000002
225	7430	28.110000000000003
226	1903	27.9775
227	960	27.921
228	2152	27.552
229	1268	27.164499999999997
230	5795	27.158500000000004
231	6876	27.137999999999998
232	7410	26.9495
233	58512	26.943
234	7525	26.940499999999997
235	7431	26.928499999999996
236	5296	26.8615
237	6655	26.759500000000003
238	5587	26.736
239	10818	26.732999999999997
240	29899	26.561
241	55715	26.234500000000004
242	5066	26.232999999999997
243	1394	26.1715
244	5595	25.74
245	118	25.7295
246	2566	25.721500000000002
247	3105	25.225
248	3150	24.932499999999997
249	5037	24.743000000000002
250	10278	24.5465
251	3702	24.250999999999998
252	9421	24.124000000000002
253	445815	24.1035
254	5594	24.031
255	3017	23.3695
256	2213	23.2655
257	3769	23.1125
258	2561	22.714
259	7006	22.657999999999998
260	128853	22.1375
261	2673	22.0205
262	100124696	21.844
263	26191	21.6435
264	22927	21.642500000000002
265	6262	21.384999999999998
266	6383	21.322
267	80831	21.147
268	5979	21.1355
269	10019	21.1255
270	3875	21.031
271	3706	20.6145
272	5132	20.5045
273	7454	20.346
274	302	20.307499999999997
275	941	19.899
276	3749	19.832
277	7137	19.82
278	942	19.698500000000003
279	27240	19.631999999999998
280	2066	19.628
281	220972	19.579
282	147	19.395500000000002
283	1601	19.301499999999997
284	2904	19.218
285	139716	18.944
286	3356	18.895500000000002
287	10870	18.891
288	1441	18.7925
289	80790	18.7625
290	2864	18.679499999999997
291	5800	18.639499999999998
292	9267	18.619
293	8471	18.604
294	660	18.448
295	3709	18.395
296	2206	18.337
297	94274	18.329
298	6261	18.189500000000002
299	114132	18.106
300	558	18.053
301	93129	17.9895
302	79098	17.880000000000003
303	5787	17.835
304	55024	17.692500000000003
305	50807	17.6525
306	9368	17.579
307	2243	17.428
308	9914	17.381999999999998
309	9743	17.2285
310	3953	16.990000000000002
311	9455	16.687
312	3454	16.4155
313	5793	16.2415
314	1499	16.232499999999998
315	4225	16.23
316	4689	16.012
317	8786	15.9755
318	5576	15.907499999999999
319	930	15.744499999999999
320	5879	15.7015
321	359	15.463999999999999
322	5922	15.4625
323	25780	15.4195
324	6011	15.402000000000001
325	50852	15.3225
326	4478	15.215
327	5331	15.014
328	57190	14.860500000000002
329	151242	14.683000000000002
330	8698	14.467500000000001
331	7010	14.433499999999999
332	643	14.358500000000001
333	9402	14.236500000000001
334	9495	14.225
335	1747	14.172
336	238	14.023500000000002
337	3355	13.980500000000001
338	5175	13.937000000000001
339	57007	13.627500000000001
340	4924	13.445500000000001
341	83747	13.426499999999999
342	64805	13.166999999999998
343	815	13.118500000000001
344	5796	13.038
345	4582	13.030000000000001
346	3326	12.304
347	59340	12.274
348	4000	12.141
349	2670	12.1095
350	3972	12.0685
351	2260	12.0295
352	89790	12.004999999999999
353	23236	11.963
354	974	11.9305
355	23607	11.922999999999998
356	7416	11.520999999999999
357	10842	11.1815
358	10480	11.023
359	134	10.847
360	53358	10.708
361	4739	10.32
362	818	10.306999999999999
363	728	10.2455
364	6624	10.2395
365	2242	10.234
366	30011	10.222
367	8664	10.122499999999999
368	4869	9.9465
369	10202	9.8425
370	2931	9.7175
371	2268	9.629
372	919	9.626999999999999
373	8344	9.534
374	8440	9.325
375	10056	9.318999999999999
376	8682	9.3155
377	1000	9.121500000000001
378	2023	9.1205
379	640	9.119
380	55250	9.087
381	933	9.042
382	7534	8.834
383	4637	8.8195
384	1974	8.714
385	801	8.606
386	6223	8.5245
387	7417	8.317
388	4311	8.209
389	7419	8.1155
390	309	8.015
391	27335	7.913500000000001
392	3842	7.8175
393	8662	7.709999999999999
394	3566	7.6875
395	2597	7.611
396	3320	7.513
397	5170	7.418000000000001
398	1933	7.416500000000001
399	8663	7.3095
400	356	7.224500000000001
401	60	7.2035
402	8668	7.1075
403	1655	7.0545
404	498	6.914499999999999
405	4082	6.913500000000001
406	5338	6.901000000000001
407	27071	6.8260000000000005
408	3184	6.824
409	4001	6.739
410	3646	6.706999999999999
411	10128	6.6105
412	3178	6.5235
413	9103	6.5205
414	3921	6.406000000000001
415	3837	6.3185
416	4486	6.311
417	3187	6.2085
418	203068	6.112
419	6944	6.111
420	3561	6.086
421	3329	6.008
422	207	5.912
423	3559	5.9079999999999995
424	6204	5.9055
425	6236	5.9030000000000005
426	4915	5.809
427	5901	5.805
428	6206	5.7045
429	3181	5.603
430	6229	5.5024999999999995
431	6146	5.402
432	3554	5.3115000000000006
433	6749	5.3005
434	7316	5.21
435	3636	5.141
436	2886	5.023999999999999
437	7846	4.9115
438	54101	4.872999999999999
439	5245	4.8015
440	1654	4.715999999999999
441	116986	4.685499999999999
442	6175	4.601
443	4691	4.406499999999999
444	23624	4.401999999999999
445	6503	4.121
446	9338	4.1025
447	334	3.934
448	4950	3.839
449	2322	3.7075000000000005
450	8853	3.6105000000000005
451	9749	3.4385
452	2099	3.3125
453	9046	3.2314999999999996
454	6667	3.2165
455	64714	2.914
456	23230	2.784
457	916	2.617
458	2902	2.5295
459	4058	2.504
460	2533	2.4025
461	85358	2.3385000000000002
462	940	2.198
463	146722	1.955
464	817	1.9170000000000003
465	8503	1.816
466	2048	1.8135000000000001
467	3690	1.6175000000000002
468	1816	1.6125
469	10044	1.4095
470	7037	1.3265
471	5290	1.306
472	1795	1.0185
473	58480	0.9119999999999999
474	921	0.6565
475	57127	0.563
476	5062	0.40099999999999997
477	54923	0.3045
478	10233	0.097
479	23483	0.0955
480	9899	0.0955
481	140885	0.0945
482	27036	0.094
483	80739	0.0895
484	340205	0.089
485	9478	0.087
486	2280	0.086
487	1910	0.08549999999999999
488	1948	0.08499999999999999
489	160622	0.08449999999999999
490	6263	0.08399999999999999
491	3763	0.08249999999999999
492	4168	0.081
493	3760	0.0805
494	3765	0.0795
495	3762	0.0785
496	4983	0.078
497	55026	0.0775
498	2825	0.077
499	1813	0.077
500	6792	0.076
501	2916	0.0755
502	4668	0.0745
503	5348	0.0745
504	83699	0.074
505	155	0.073
506	9498	0.0725
507	5337	0.0715
508	5999	0.06999999999999999
509	54795	0.06949999999999999
510	1815	0.06949999999999999
511	2912	0.06899999999999999
512	11214	0.06899999999999999
513	5499	0.0685
514	58157	0.068
515	2137	0.067
516	53637	0.066
517	5577	0.066
518	23566	0.065
519	11217	0.065
520	7837	0.0635
521	3466	0.062
522	3973	0.06
523	962	0.059
524	81537	0.058499999999999996
525	7294	0.057999999999999996
526	6752	0.05550000000000001
527	5997	0.054000000000000006
528	4986	0.054000000000000006
529	945	0.052000000000000005
530	3758	0.052000000000000005
531	339487	0.047
532	7442	0.046
533	2209	0.04
534	841	0.0395
535	5962	0.038
536	11033	0.034499999999999996
537	150372	0.032
538	3280	0.03
539	81491	0.028999999999999998
540	3689	0.028499999999999998
541	6176	0.026000000000000002
542	3312	0.025500000000000002
543	6222	0.025
544	3151	0.0245
545	84687	0.0225
546	6130	0.0225
547	6129	0.0215
548	6203	0.020999999999999998
549	6191	0.020499999999999997
550	6141	0.02
551	1386	0.02
552	4904	0.0195
553	1385	0.0195
554	6207	0.019
555	6202	0.0185
556	688	0.0185
557	401152	0.0185
558	6201	0.018
559	6189	0.017499999999999998
560	4836	0.017499999999999998
561	6135	0.017
562	1938	0.0165
563	6156	0.016
564	728937	0.0155
565	824	0.0155
566	973	0.0155
567	6217	0.015
568	1432	0.014499999999999999
569	6155	0.014499999999999999
570	9816	0.014499999999999999
571	55131	0.014000000000000002
572	5287	0.014000000000000002
573	140032	0.013500000000000002
574	6205	0.013000000000000001
575	6170	0.0125
576	4736	0.012
577	6235	0.0115
578	497661	0.011
579	6732	0.010499999999999999
580	10969	0.01
581	6125	0.0095
582	6208	0.009
583	6001	0.0085
584	6137	0.0085
585	72	0.008
586	6134	0.0075
587	6133	0.007000000000000001
588	6209	0.006500000000000001
589	6173	0.006
590	58	0.0055
591	2934	0.0055
592	6218	0.0055
593	5058	0.0055
594	6122	0.005
595	355	0.005
596	6138	0.0045
597	1457	0.004
598	6181	0.004
599	5792	0.004
600	6161	0.0035000000000000005
601	3384	0.0035000000000000005
602	9020	0.003
603	54900	0.003
604	6228	0.0025
605	2197	0.002
606	816	0.002
607	25873	0.0015
608	3856	0.0015
609	6194	0.001
610	6693	0.001
611	367	0.001
612	836	0.0005
613	55646	0.0005
614	3265	0.0005
