rank	node	rank_score
1	3119	138.89749999999998
2	337880	138.79749999999999
3	27178	136.38400000000001
4	55146	115.79650000000001
5	920	97.1775
6	4087	91.1
7	163126	88.6815
8	6667	85.276
9	4089	81.99300000000001
10	65061	80.7865
11	3108	78.598
12	2033	77.959
13	3123	77.4955
14	3109	77.39349999999999
15	972	77.296
16	55071	74.8945
17	6497	71.0535
18	672	70.0575
19	100294190	69.49300000000001
20	1387	69.163
21	3065	67.7455
22	2099	66.35249999999999
23	367	64.26849999999999
24	7157	61.947
25	6597	61.260000000000005
26	5925	60.7645
27	6599	60.15599999999999
28	9611	59.569
29	8841	58.8605
30	8344	58.371
31	5371	57.6665
32	5594	57.388999999999996
33	3732	57.197
34	1875	56.992
35	3112	56.696000000000005
36	6601	56.653
37	967	56.59400000000001
38	5738	56.093
39	975	55.8925
40	963	55.19199999999999
41	928	55.189499999999995
42	6598	55.146
43	6595	54.54449999999999
44	93185	54.3865
45	952	54.288
46	51592	54.15
47	1051	53.746500000000005
48	931	53.6915
49	3688	52.989
50	3066	52.5515
51	7106	52.487
52	3725	52.48350000000001
53	3676	52.391
54	4179	52.3885
55	8850	52.236000000000004
56	2515	52.1875
57	57492	52.1505
58	5901	51.9765
59	861	51.874
60	3675	51.6845
61	1050	51.45399999999999
62	6908	51.339
63	8202	51.266
64	977	50.9855
65	6602	50.4385
66	3932	50.35850000000001
67	3655	50.284000000000006
68	7058	50.278499999999994
69	7421	49.262
70	25942	49.1345
71	3679	48.98350000000001
72	3964	48.0585
73	8289	48.0335
74	7052	47.5625
75	6603	47.440999999999995
76	2959	45.9365
77	6604	45.6355
78	595	45.337
79	7057	44.878
80	54760	44.732
81	1024	44.7315
82	6605	44.6265
83	5933	44.3485
84	961	42.882
85	9612	42.67
86	2962	42.63
87	948	42.366
88	86	41.824
89	9412	41.128499999999995
90	10589	41.128
91	23054	40.9565
92	8819	40.8255
93	55193	40.8075
94	2965	40.5305
95	5430	40.426
96	6774	40.326499999999996
97	5970	40.2425
98	9972	39.899
99	7044	39.8165
100	145258	39.4995
101	5928	39.121
102	1869	39.070499999999996
103	892	39.0245
104	51742	39.0195
105	63976	38.997
106	2908	38.957
107	60	38.140499999999996
108	5931	38.0225
109	5325	37.845
110	55636	37.8275
111	23682	37.4925
112	7431	37.3725
113	7155	37.109500000000004
114	2960	36.7235
115	1022	36.4555
116	221079	36.391999999999996
117	1108	36.1155
118	1443	36.088
119	51285	35.781
120	2071	35.323
121	9219	35.320499999999996
122	53615	35.215999999999994
123	3227	34.99550000000001
124	3105	34.89
125	6872	34.7185
126	8932	34.408500000000004
127	2967	34.222
128	6880	34.217
129	3621	34.025
130	5578	33.785000000000004
131	6699	33.6755
132	4654	33.472500000000004
133	10284	33.315
134	8189	33.311
135	10399	33.2605
136	1386	33.2475
137	23028	33.208
138	3184	33.165499999999994
139	4298	33.12
140	6996	32.849000000000004
141	5977	32.713499999999996
142	3691	32.6815
143	1052	32.67100000000001
144	3491	32.381
145	821	32.379
146	4609	32.2115
147	10202	32.1715
148	53981	31.918
149	5010	31.785000000000004
150	2923	31.779499999999995
151	3673	31.586000000000002
152	10056	31.07
153	302	31.0565
154	4435	30.941999999999997
155	57459	30.907
156	811	30.877499999999998
157	7417	30.6685
158	10480	30.564
159	6878	30.517500000000002
160	5929	30.512
161	4070	30.383000000000003
162	3312	30.039499999999997
163	7419	29.968
164	912	29.775
165	1107	29.71
166	6892	29.574
167	4204	29.537
168	10099	29.483000000000004
169	1487	29.4015
170	4637	29.362000000000002
171	4297	29.3145
172	1654	29.276
173	6223	29.254499999999997
174	3134	29.1735
175	6883	29.113
176	309	29.067500000000003
177	3135	28.872500000000002
178	6891	28.871000000000002
179	3837	28.790999999999997
180	3133	28.670500000000004
181	3187	28.665999999999997
182	567	28.573
183	27335	28.466499999999996
184	3320	28.3505
185	3516	28.303499999999996
186	3842	28.0885
187	6890	27.869999999999997
188	5468	27.859500000000004
189	8662	27.7635
190	1933	27.563
191	2597	27.557499999999997
192	5469	27.521500000000003
193	10401	27.433000000000003
194	8663	27.3735
195	8467	27.305
196	8664	27.1695
197	301	27.157
198	10499	27.1495
199	11091	27.1125
200	5914	27.0545
201	2023	26.8625
202	6206	26.759500000000003
203	4904	26.746000000000002
204	3181	26.660000000000004
205	573	26.643
206	4869	26.639999999999997
207	8648	26.54
208	8668	26.4615
209	7846	26.358000000000004
210	6256	26.341500000000003
211	3690	26.268
212	498	26.261000000000003
213	3921	26.255000000000003
214	3386	26.1635
215	6175	25.9515
216	3646	25.865
217	2335	25.772000000000002
218	7416	25.459
219	6146	25.452
220	1974	25.1645
221	196528	24.931
222	1025	24.919
223	10128	24.856
224	6191	24.8485
225	100294162	24.748
226	10498	24.627000000000002
227	2771	24.555500000000002
228	3178	24.5475
229	2353	24.335
230	54815	24.305500000000002
231	6141	24.147
232	4311	23.854
233	11198	23.8045
234	6204	23.6535
235	3329	23.353
236	203068	23.351
237	6229	22.9525
238	9031	22.929000000000002
239	4691	22.8455
240	1293	22.754
241	6176	22.7495
242	7067	22.634
243	23186	22.6135
244	6749	22.55
245	6130	22.544999999999998
246	1457	22.2295
247	23309	22.201999999999998
248	6222	22.049
249	6129	22.043
250	6830	22.000999999999998
251	3326	21.742
252	5245	21.548
253	1655	21.541
254	4790	20.9375
255	9112	20.803
256	6207	20.7445
257	6135	20.7435
258	2969	20.703
259	602	20.4395
260	85509	20.404
261	6203	20.2415
262	6202	20.044
263	7175	19.898500000000002
264	6201	19.8425
265	9203	19.711000000000002
266	7161	19.699
267	56704	19.578
268	3205	19.482499999999998
269	6935	19.408
270	5595	19.377000000000002
271	6189	19.2465
272	51412	18.8045
273	28996	18.6965
274	83871	18.689500000000002
275	2000	18.663999999999998
276	94241	18.392500000000002
277	6156	18.139
278	6714	18.066499999999998
279	6170	18.036
280	117583	17.883000000000003
281	6217	17.833499999999997
282	1874	17.7905
283	1442	17.669
284	2091	17.6375
285	675	17.494999999999997
286	4086	17.490000000000002
287	8515	17.387
288	3812	17.3805
289	6128	17.003
290	65259	16.9885
291	3172	16.96
292	9325	16.938
293	6235	16.9355
294	8030	16.8825
295	6125	16.8385
296	497661	16.833
297	2737	16.787
298	207	16.6935
299	9343	16.637
300	3091	16.5325
301	7704	16.4695
302	7554	16.27
303	6161	16.125999999999998
304	6205	15.9315
305	2308	15.872499999999999
306	51341	15.627
307	2290	15.586500000000001
308	5744	15.495
309	55131	15.3325
310	6209	15.331999999999999
311	6218	15.129000000000001
312	4303	15.078
313	6138	15.017500000000002
314	25873	14.723500000000001
315	6736	14.6675
316	3106	14.6655
317	6732	14.623000000000001
318	51176	14.5845
319	3107	14.568999999999999
320	10859	14.4715
321	5449	14.461500000000001
322	7050	14.450999999999999
323	6181	14.425
324	925	14.3475
325	1101	14.282499999999999
326	6168	14.2155
327	5927	14.148000000000001
328	1045	14.0465
329	5451	14.0415
330	6173	14.031
331	10288	13.966999999999999
332	6136	13.9275
333	72	13.926999999999998
334	10488	13.884
335	1499	13.862
336	5599	13.806000000000001
337	3824	13.764500000000002
338	7750	13.629
339	10274	13.616
340	1938	13.517000000000001
341	3822	13.463
342	6122	13.4245
343	6949	13.424000000000001
344	960	13.3595
345	51317	13.227500000000001
346	3674	13.163999999999998
347	2113	12.9745
348	8174	12.955000000000002
349	8342	12.9195
350	6155	12.8345
351	6143	12.814499999999999
352	11177	12.8085
353	3007	12.7285
354	5175	12.6555
355	3360	12.622499999999999
356	8971	12.622
357	6124	12.6135
358	3685	12.477
359	3678	12.3565
360	55681	12.321
361	286343	12.273
362	3693	11.9505
363	57504	11.902000000000001
364	5747	11.851
365	2534	11.7615
366	6228	11.728
367	7070	11.66
368	11137	11.622499999999999
369	9221	11.621500000000001
370	5310	11.549
371	10969	11.5365
372	6208	11.535
373	81491	11.456
374	6696	11.359
375	4736	11.334
376	2623	11.3305
377	5029	11.2575
378	1277	11.1545
379	2208	11.056999999999999
380	9188	11.0205
381	5829	10.8495
382	9045	10.812999999999999
383	7094	10.745999999999999
384	1956	10.658
385	51602	10.620000000000001
386	27329	10.561
387	1445	10.437999999999999
388	6133	10.4295
389	3609	10.338
390	23199	10.328
391	26156	10.316500000000001
392	22801	10.251999999999999
393	2064	10.1485
394	2185	10.0455
395	10514	10.012
396	2309	9.867
397	4673	9.8255
398	2885	9.7155
399	5788	9.6395
400	7528	9.636
401	55299	9.618500000000001
402	6850	9.541500000000001
403	4067	9.447
404	6165	9.4095
405	4145	9.3465
406	867	9.2365
407	8295	9.2095
408	8751	9.141
409	6727	9.118
410	5335	9.035
411	140032	9.03
412	10362	8.9205
413	27040	8.916500000000001
414	6134	8.910499999999999
415	1796	8.8445
416	6194	8.8305
417	7525	8.7515
418	5782	8.602
419	3815	8.55
420	5921	8.4375
421	6452	8.32
422	10019	8.2015
423	2268	8.14
424	6132	8.111
425	11224	8.1045
426	7535	8.03
427	23521	8.0085
428	6464	7.9430000000000005
429	6158	7.9265
430	7284	7.915000000000001
431	2065	7.8260000000000005
432	27240	7.7345
433	10735	7.712000000000001
434	5295	7.544
435	9846	7.437
436	81027	7.419
437	50852	7.336
438	3608	7.204000000000001
439	4233	7.1049999999999995
440	3937	7.0235
441	6142	7.005
442	1436	6.9355
443	7150	6.9159999999999995
444	6232	6.8105
445	3635	6.8084999999999996
446	5159	6.729000000000001
447	6147	6.6370000000000005
448	1398	6.622
449	10451	6.5115
450	55824	6.431
451	6157	6.4079999999999995
452	2549	6.316
453	51631	6.3125
454	7410	6.2170000000000005
455	5781	6.1405
456	6688	6.035
457	1399	6.0295000000000005
458	6137	6.01
459	2321	5.9125
460	11184	5.8095
461	6160	5.8055
462	9564	5.721500000000001
463	26354	5.7065
464	2100	5.6325
465	3643	5.6274999999999995
466	3480	5.5195
467	55646	5.514
468	5885	5.5075
469	6654	5.424
470	6304	5.41
471	10642	5.403499999999999
472	930	5.3245
473	5777	5.239
474	6504	5.1385
475	4670	5.1075
476	5156	5.0255
477	6192	5.014
478	613	4.9335
479	4193	4.9055
480	10891	4.8295
481	6613	4.8295
482	7409	4.828
483	10661	4.810499999999999
484	25	4.7284999999999995
485	6159	4.7115
486	9349	4.702
487	6689	4.644
488	5336	4.615
489	6144	4.607
490	3717	4.534000000000001
491	4331	4.509
492	868	4.4055
493	10278	4.3175
494	292	4.301
495	5241	4.239
496	3055	4.221
497	6210	4.206
498	283078	4.133
499	64324	4.131
500	6152	4.1025
501	7068	4.044
502	27	4.013
503	9739	4.013
504	6154	3.9090000000000003
505	29760	3.8034999999999997
506	7307	3.8005000000000004
507	6187	3.7015000000000002
508	6655	3.7009999999999996
509	1439	3.632
510	6167	3.5134999999999996
511	4690	3.5104999999999995
512	2889	3.4204999999999997
513	10006	3.3145000000000002
514	6886	3.232
515	2057	3.2305
516	3164	3.109
517	7462	3.1025
518	64426	3.0300000000000002
519	3716	2.9135
520	80831	2.81
521	25855	2.7199999999999998
522	2209	2.706
523	3054	2.6155
524	2887	2.607
525	3791	2.5045
526	8473	2.411
527	3702	2.403
528	902	2.315
529	6777	2.2184999999999997
530	3308	2.2165
531	9070	2.131
532	9862	2.0149999999999997
533	4914	2.0140000000000002
534	6776	1.9324999999999999
535	2961	1.9024999999999999
536	5795	1.825
537	10603	1.723
538	8805	1.7225000000000001
539	8204	1.6265
540	9794	1.3465
541	5770	1.318
542	2690	1.208
543	399511	1.133
544	196	1.1315
545	6461	1.1119999999999999
546	2068	1.002
547	2966	0.9055
548	8651	0.8039999999999999
549	5439	0.8005000000000001
550	5926	0.5195000000000001
551	79595	0.404
552	2968	0.40149999999999997
553	56955	0.211
554	57122	0.098
555	8021	0.0965
556	23636	0.096
557	4802	0.096
558	1583	0.0955
559	56001	0.095
560	10059	0.095
561	8626	0.095
562	23279	0.0945
563	25909	0.094
564	64779	0.094
565	55746	0.0935
566	91768	0.0935
567	1400	0.0925
568	55728	0.0925
569	5903	0.0915
570	4928	0.0905
571	3843	0.09
572	409	0.09
573	5670	0.09
574	324	0.0895
575	9839	0.0895
576	79841	0.089
577	89795	0.0875
578	7027	0.0875
579	4927	0.087
580	348995	0.086
581	23451	0.086
582	7594	0.08549999999999999
583	64718	0.08549999999999999
584	7329	0.08549999999999999
585	79023	0.08499999999999999
586	2354	0.08499999999999999
587	23551	0.08499999999999999
588	10848	0.08499999999999999
589	4831	0.08499999999999999
590	81929	0.08449999999999999
591	9314	0.08449999999999999
592	84220	0.08349999999999999
593	6670	0.08349999999999999
594	79902	0.08299999999999999
595	8754	0.08299999999999999
596	7514	0.08249999999999999
597	7046	0.08249999999999999
598	55245	0.08249999999999999
599	84085	0.08199999999999999
600	860	0.08199999999999999
601	4762	0.081
602	9818	0.0805
603	4092	0.0805
604	85417	0.08
605	121268	0.08
606	9658	0.08
607	6396	0.0795
608	135154	0.0795
609	2122	0.0795
610	4799	0.079
611	8928	0.079
612	5757	0.079
613	89866	0.0785
614	682	0.0785
615	10482	0.078
616	2274	0.078
617	80243	0.078
618	4312	0.0765
619	2624	0.0765
620	7316	0.076
621	57591	0.0755
622	6942	0.0755
623	10762	0.075
624	10140	0.0745
625	5354	0.0745
626	1847	0.074
627	4605	0.074
628	57510	0.073
629	1852	0.072
630	80781	0.072
631	7076	0.0715
632	54439	0.071
633	6905	0.071
634	7080	0.071
635	4093	0.0705
636	8578	0.06949999999999999
637	8516	0.0685
638	10752	0.068
639	3809	0.0675
640	1432	0.067
641	6532	0.067
642	3806	0.065
643	8856	0.065
644	163732	0.065
645	1870	0.0635
646	6955	0.062
647	5079	0.061
648	5566	0.061
649	1278	0.0605
650	3769	0.0605
651	3586	0.059
652	9020	0.058499999999999996
653	1021	0.05550000000000001
654	2316	0.05450000000000001
655	7629	0.054000000000000006
656	4856	0.053500000000000006
657	6678	0.053000000000000005
658	4318	0.052500000000000005
659	3694	0.051500000000000004
660	3695	0.0495
661	2934	0.049
662	8535	0.0465
663	29028	0.045
664	56995	0.0435
665	5287	0.042499999999999996
666	4921	0.041999999999999996
667	3569	0.0405
668	9103	0.036
669	7764	0.036
670	6239	0.0355
671	151568	0.034499999999999996
672	3903	0.033
673	6574	0.033
674	8290	0.0325
675	4058	0.0315
676	4809	0.0305
677	904	0.0305
678	3020	0.03
679	55806	0.028999999999999998
680	22938	0.028999999999999998
681	84458	0.028999999999999998
682	974	0.027000000000000003
683	55758	0.027000000000000003
684	1488	0.026500000000000003
685	8243	0.026000000000000002
686	9425	0.025500000000000002
687	5465	0.0245
688	5947	0.0245
689	112885	0.0245
690	6881	0.0235
691	400745	0.0225
692	3192	0.022
693	10036	0.022
694	10919	0.0215
695	3275	0.020499999999999997
696	11338	0.02
697	129685	0.02
698	933	0.0195
699	4739	0.019
700	3622	0.019
701	3090	0.019
702	6882	0.0185
703	1660	0.018
704	6875	0.018
705	1915	0.017499999999999998
706	6193	0.017
707	63925	0.017
708	6879	0.017
709	6231	0.0165
710	7341	0.0165
711	6877	0.0165
712	83860	0.016
713	6188	0.0155
714	6874	0.0155
715	2197	0.015
716	64714	0.015
717	2958	0.015
718	6224	0.014499999999999999
719	6884	0.014499999999999999
720	2957	0.014000000000000002
721	6917	0.013500000000000002
722	6873	0.013500000000000002
723	6227	0.013000000000000001
724	6171	0.0125
725	84312	0.0125
726	51616	0.0125
727	6164	0.012
728	2648	0.012
729	6230	0.0115
730	51102	0.0115
731	2213	0.0115
732	4084	0.0115
733	6234	0.011
734	50807	0.010499999999999999
735	8031	0.010499999999999999
736	10474	0.010499999999999999
737	6169	0.01
738	8464	0.01
739	7311	0.0095
740	3297	0.0095
741	6233	0.009
742	3560	0.009
743	10629	0.009
744	728937	0.0085
745	27097	0.0085
746	284695	0.008
747	9126	0.008
748	23345	0.0075
749	919	0.0075
750	1441	0.0075
751	9759	0.0075
752	22907	0.007000000000000001
753	10818	0.007000000000000001
754	4851	0.007000000000000001
755	26986	0.006500000000000001
756	54923	0.006500000000000001
757	5250	0.006
758	10320	0.006
759	6139	0.0055
760	10419	0.005
761	7006	0.005
762	11331	0.0045
763	5580	0.0045
764	81627	0.0045
765	405	0.0045
766	3183	0.004
767	55037	0.0035000000000000005
768	3667	0.0035000000000000005
769	6721	0.0035000000000000005
770	170506	0.003
771	857	0.003
772	404672	0.003
773	5440	0.003
774	1994	0.0025
775	57410	0.0025
776	51763	0.0025
777	9775	0.002
778	9402	0.002
779	23450	0.0015
780	9440	0.0015
781	445815	0.0015
782	9697	0.0015
783	2058	0.001
784	5601	0.001
785	5431	0.001
786	2932	0.001
787	5438	0.001
788	27043	0.0005
789	58512	0.0005
790	1459	0.0005
791	640	0.0005
792	604	0.0005
793	5433	0.0005
