rank	node	rank_score
1	839	179.7
2	841	179.3995
3	836	178.099
4	837	176.69850000000002
5	834	176.198
6	843	175.29749999999999
7	23581	173.897
8	840	173.7965
9	8837	172.496
10	4925	171.894
11	835	171.3955
12	10392	170.29500000000002
13	331	169.3945
14	842	168.2935
15	598	166.4925
16	22861	166.392
17	1832	165.193
18	317	164.9915
19	64127	164.49099999999999
20	10134	162.8895
21	637	162.3905
22	596	160.89000000000001
23	58484	160.6885
24	10017	159.789
25	8767	154.68699999999998
26	330	153.3865
27	8795	148.882
28	7132	148.38299999999998
29	8772	148.2815
30	355	147.781
31	329	146.3855
32	8737	144.98250000000002
33	7185	144.88400000000001
34	4478	144.177
35	8996	143.78
36	8717	142.8805
37	8915	142.779
38	8797	142.2795
39	29108	140.988
40	396	140.7765
41	7430	140.076
42	5599	138.87449999999998
43	356	138.4755
44	387	137.675
45	8743	137.273
46	7316	137.178
47	7186	135.77849999999998
48	7187	134.1775
49	3305	130.172
50	9020	128.2715
51	113457	123.87049999999999
52	6885	121.867
53	7189	121.17
54	57099	121.0875
55	790	120.763
56	23118	119.1665
57	10382	118.66749999999999
58	7278	117.4695
59	11035	114.2635
60	3303	113.86449999999999
61	7314	113.862
62	8517	113.3625
63	1326	112.8685
64	71	111.8605
65	10454	109.665
66	3312	108.96399999999998
67	3551	108.6615
68	3301	108.46549999999999
69	8792	106.46599999999998
70	203068	106.46100000000001
71	10758	105.268
72	3320	105.2595
73	1147	103.9585
74	27429	103.78450000000001
75	4791	103.75900000000001
76	79444	103.48499999999999
77	56616	101.9835
78	838	101.686
79	29110	101.658
80	4055	101.574
81	4793	101.15599999999999
82	8740	100.8735
83	3313	100.8575
84	5971	99.8555
85	10010	98.75699999999999
86	805	98.0565
87	4792	97.5545
88	808	97.35499999999999
89	4790	97.354
90	3309	97.0525
91	4794	96.45349999999999
92	7188	96.071
93	7133	95.6515
94	92609	95.253
95	4214	91.96000000000001
96	5970	91.75
97	801	91.452
98	1213	89.5505
99	5966	89.2485
100	9532	88.1495
101	4215	87.151
102	347733	86.749
103	3002	86.486
104	10277	85.9855
105	6722	84.983
106	3310	84.748
107	9641	83.14750000000001
108	10892	81.5385
109	3326	81.2465
110	11140	80.946
111	6233	80.745
112	7311	79.74549999999999
113	220717	79.147
114	3654	79.14349999999999
115	4646	77.54400000000001
116	150684	75.8445
117	5591	75.44200000000001
118	708	74.24300000000001
119	409	72.64099999999999
120	4628	71.9405
121	408	71.4395
122	2734	71.03999999999999
123	60401	70.3725
124	8239	67.735
125	5134	67.44149999999999
126	8607	66.74249999999999
127	9919	65.934
128	4627	65.537
129	958	63.569
130	7534	63.536
131	2316	63.23350000000001
132	6421	62.439
133	6714	56.331500000000005
134	7415	56.041
135	2081	53.467499999999994
136	332	50.585
137	9131	49.439499999999995
138	1654	46.4365
139	60	43.8295
140	7431	43.2305
141	6207	43.0355
142	2597	42.831
143	10128	42.6325
144	4637	39.730000000000004
145	7416	36.727999999999994
146	498	36.629000000000005
147	3329	34.6275
148	1313	33.984
149	302	32.424
150	207	31.127499999999998
151	7529	30.6245
152	4217	30.028499999999998
153	4869	29.509000000000004
154	5894	29.125
155	208	29.028
156	7419	29.026
157	2023	29.0245
158	581	28.969
159	578	28.868000000000002
160	1917	28.838
161	3308	28.826
162	4170	28.7685
163	5590	28.724
164	6204	28.428499999999996
165	673	27.523500000000002
166	8664	27.222
167	10202	26.9255
168	5604	26.923000000000002
169	7531	26.1205
170	6416	25.922500000000003
171	7417	25.722500000000004
172	1933	25.6235
173	10480	25.423
174	3184	25.319499999999998
175	301	25.1215
176	10056	22.919999999999998
177	6156	21.6375
178	27335	21.421
179	8344	20.720499999999998
180	6128	20.5345
181	9043	19.722
182	8668	19.418
183	10000	19.221
184	3842	19.019
185	6232	18.833
186	9891	18.72
187	7846	18.625
188	6223	18.227
189	2289	18.1295
190	309	17.9185
191	257397	17.829
192	8662	16.017000000000003
193	3837	15.715
194	920	14.315999999999999
195	8663	14.116499999999998
196	7128	14.019499999999999
197	2969	13.632
198	55504	13.5635
199	3187	13.5155
200	6202	13.226499999999998
201	8454	12.638
202	26133	12.0595
203	10788	12.0175
204	10399	11.4125
205	4691	11.41
206	142	11.2235
207	3646	9.8135
208	6146	8.6175
209	6229	8.414
210	1974	7.411
211	3921	7.314500000000001
212	2771	7.0115
213	4311	6.912000000000001
214	6191	6.606999999999999
215	6206	5.913
216	9462	5.7295
217	10849	5.629
218	4528	5.528499999999999
219	64425	5.4270000000000005
220	51082	5.328
221	84172	5.2275
222	23291	5.1265
223	5437	5.026
224	3875	5.019
225	6500	4.9255
226	5441	4.825
227	3838	4.7245
228	367	4.720000000000001
229	25885	4.6240000000000006
230	7763	4.622999999999999
231	572	4.527
232	4163	4.5235
233	6622	4.2735
234	6141	3.5065
235	6222	3.4105000000000003
236	6749	3.2045000000000003
237	6130	2.806
238	3932	2.6075
239	6176	2.5095
240	6135	2.202
241	6189	2.1079999999999997
242	6129	2.1035
243	4904	2.0055
244	6203	1.9085
245	5901	1.705
246	6175	1.504
247	1655	1.5015
248	6201	1.301
249	3181	1.2029999999999998
250	3178	1.1025
251	5245	0.9005000000000001
252	320	0.1
253	5925	0.087
254	3606	0.08399999999999999
255	162989	0.08349999999999999
256	9191	0.08249999999999999
257	10985	0.0365
258	10856	0.036
259	56957	0.0295
260	6709	0.025500000000000002
261	3324	0.0225
262	5610	0.022
263	7532	0.0215
264	10627	0.0195
265	6205	0.004
266	9349	0.0035000000000000005
267	6217	0.003
268	6188	0.0025
269	292	0.002
270	6208	0.0015
271	6181	0.001
272	2091	0.0005
