rank	node	rank_score
1	2335	178.2995
2	7045	177.599
3	118429	177.197
4	1286	176.698
5	4147	176.29850000000002
6	1285	175.1975
7	3026	174.19650000000001
8	6288	172.0905
9	2199	171.8955
10	5270	171.3945
11	1287	171.195
12	1288	169.696
13	5008	169.494
14	5653	167.6935
15	651	167.2
16	4318	166.59300000000002
17	22918	166.4925
18	1634	165.092
19	1277	163.9915
20	1278	163.49099999999999
21	1294	161.9895
22	7057	161.39000000000001
23	4313	157.48899999999998
24	7040	157.0885
25	3690	156.38299999999998
26	351	156.086
27	6678	155.788
28	1280	155.5875
29	633	155.4865
30	3685	155.08499999999998
31	5549	154.487
32	4811	153.4845
33	3339	150.584
34	284217	149.8835
35	3688	149.3825
36	948	149.281
37	3918	147.8805
38	1305	147.482
39	1690	147.1855
40	22795	146.6815
41	2192	144.57999999999998
42	2006	143.379
43	4856	142.8795
44	1490	141.078
45	3678	140.9785
46	80781	140.2775
47	7052	137.475
48	2200	136.877
49	1293	136.476
50	4237	135.8765
51	3673	135.77550000000002
52	3674	135.574
53	961	133.2735
54	3672	132.7745
55	928	132.373
56	550	129.971
57	2201	129.3725
58	4052	128.472
59	3675	128.1705
60	1101	126.77000000000001
61	164656	126.569
62	1462	124.168
63	2812	123.77150000000002
64	27329	121.1685
65	3914	119.66599999999998
66	2923	119.46549999999999
67	649	119.3665
68	7058	119.26700000000001
69	2811	118.96399999999998
70	3386	117.9695
71	1289	116.86500000000001
72	3676	116.7675
73	3827	110.96
74	4099	109.7645
75	3693	109.1555
76	811	108.96300000000001
77	6696	108.556
78	2244	107.862
79	2243	107.3615
80	960	106.857
81	7450	106.7625
82	5340	106.7585
83	2147	106.3595
84	4316	105.35650000000001
85	5029	104.85050000000001
86	5327	104.75900000000001
87	1404	104.35499999999999
88	3486	103.3575
89	8076	101.961
90	176	101.95450000000001
91	4314	99.054
92	4312	97.6535
93	63827	96.553
94	7448	96.252
95	4982	93.0515
96	5328	93.049
97	1991	91.846
98	5054	91.3495
99	3488	91.25
100	5345	91.24549999999999
101	3694	90.9285
102	2266	89.64200000000001
103	5104	87.2415
104	5329	86.8485
105	2160	86.241
106	4035	85.748
107	4319	85.151
108	7035	84.345
109	7076	82.64750000000001
110	3684	82.6425
111	1511	81.947
112	4321	80.644
113	967	80.44300000000001
114	53353	79.1375
115	2162	78.237
116	3915	78.1635
117	5155	74.8445
118	3732	73.84
119	1839	73.1385
120	3911	72.958
121	3655	72.7405
122	3491	70.73949999999999
123	977	70.539
124	5738	68.238
125	2149	67.34349999999999
126	2515	65.0605
127	821	64.52799999999999
128	4179	63.836
129	975	63.535000000000004
130	7106	63.3355
131	90070	62.6465
132	8754	62.3365
133	7422	62.223
134	2161	60.8325
135	963	60.1345
136	5354	59.027499999999996
137	4323	58.43299999999999
138	3696	57.633500000000005
139	4322	57.23199999999999
140	4653	56.434000000000005
141	7078	55.93150000000001
142	3818	54.529500000000006
143	3679	53.428999999999995
144	3082	52.529999999999994
145	6382	51.83050000000001
146	2157	51.0235
147	2159	48.6225
148	2153	47.3215
149	5269	47.222
150	6354	45.424
151	5624	45.42100000000001
152	7056	44.4205
153	5627	43.62
154	1281	43.027
155	12	39.8195
156	3817	38.6185
157	5118	38.326499999999996
158	462	37.718
159	3934	35.025999999999996
160	3912	34.3255
161	1291	32.825
162	2252	31.3245
163	5196	30.116499999999995
164	6383	30.115999999999996
165	2150	29.619
166	4224	28.752499999999998
167	3909	27.2155
168	6667	25.201999999999998
169	8516	24.131
170	2247	23.714
171	6670	19.6175
172	3481	19.615000000000002
173	5265	19.0105
174	3485	18.8145
175	354	18.212
176	5275	18.2075
177	1514	18.107999999999997
178	5657	17.709
179	7018	17.313499999999998
180	682	17.1065
181	3053	16.713
182	5858	16.7115
183	7042	15.411000000000001
184	3959	15.017000000000001
185	3689	14.806000000000001
186	4054	14.209999999999999
187	3479	13.9125
188	51454	13.8055
189	7043	12.6095
190	9507	12.2085
191	4060	12.0125
192	2208	10.003
193	3949	9.901
194	2331	9.607
195	3680	8.714
196	7412	8.4135
197	710	7.7155000000000005
198	3483	6.400499999999999
199	7373	6.1165
200	2	5.505
201	5154	5.3015
202	3490	5.21
203	3371	5.013
204	1361	4.6045
205	1990	4.104
206	7094	3.9165
207	7980	3.8045
208	7070	3.303
209	26085	3.1035
210	5747	2.4005
211	3500	1.2025000000000001
212	3493	1.0035
213	5646	0.9029999999999999
214	7049	0.6054999999999999
215	3691	0.5025000000000001
216	3913	0.40199999999999997
217	2316	0.10149999999999999
218	5578	0.011
219	5310	0.0095
220	5829	0.0085
221	2152	0.008
222	6407	0.0075
223	6406	0.007000000000000001
224	3695	0.006500000000000001
225	56899	0.006
226	8174	0.0055
227	4036	0.004
228	9479	0.0035000000000000005
229	2274	0.001
230	5045	0.001
231	6768	0.001
232	7047	0.001
233	3489	0.001
234	7079	0.0005
235	9510	0.0005
236	7276	0.0005
