rank	node	rank_score
1	2588	179.7
2	4758	178.6995
3	2720	177.599
4	2990	177.3985
5	3074	176.098
6	3938	175.1975
7	2595	173.7965
8	2799	173.097
9	5360	173.09300000000002
10	8972	172.89600000000002
11	2548	171.9955
12	4759	170.695
13	129807	169.4945
14	64772	169.19400000000002
15	55907	167.99349999999998
16	3425	166.4925
17	3423	165.592
18	4669	164.6915
19	9601	163.391
20	7184	161.789
21	7038	160.6885
22	2581	160.2905
23	427	159.39000000000001
24	10525	158.788
25	3309	158.1875
26	4036	157.18699999999998
27	7450	156.0865
28	6476	155.6895
29	351	149.4835
30	1191	147.4845
31	5621	146.385
32	4035	140.9815
33	811	138.98250000000002
34	2157	136.882
35	5444	136.484
36	821	136.381
37	2	133.571
38	2923	124.383
39	7436	122.4675
40	4023	120.8685
41	4123	120.487
42	6721	119.186
43	23621	118.47049999999999
44	949	118.2855
45	3172	117.75999999999999
46	7276	117.468
47	3134	115.0805
48	3133	113.97999999999999
49	567	113.47849999999998
50	6892	112.9795
51	3135	112.179
52	6890	111.178
53	6891	110.57750000000001
54	3105	109.577
55	10859	108.77649999999998
56	3359	108.67350000000002
57	3107	107.776
58	10288	106.97550000000001
59	912	106.574
60	4043	106.06649999999999
61	925	105.575
62	3106	104.37449999999998
63	5034	103.56949999999999
64	321	103.36449999999999
65	9784	102.56700000000001
66	6955	101.3725
67	1558	100.05699999999999
68	3824	99.47200000000001
69	7804	98.366
70	6328	97.96549999999999
71	9479	94.865
72	1600	93.762
73	5649	92.4615
74	5054	88.1585
75	7026	83.4825
76	345	82.98150000000001
77	6667	82.6605
78	3493	82.551
79	7018	82.0535
80	213	81.85
81	28916	80.4495
82	1514	79.9555
83	3514	78.5475
84	6670	77.8575
85	8029	77.049
86	322	76.5635
87	3500	76.34700000000001
88	341	76.3465
89	3990	75.65950000000001
90	11093	74.57300000000001
91	79691	74.34549999999999
92	915	73.17150000000001
93	3857	73.14349999999999
94	2335	71.646
95	7080	71.35900000000001
96	3507	71.043
97	53353	70.0565
98	55176	69.7865
99	259	69.64200000000001
100	7112	67.3375
101	3486	66.845
102	354	65.644
103	5327	65.25699999999999
104	5328	64.856
105	7356	64.14099999999999
106	3077	62.4525
107	2243	62.44
108	5340	61.744499999999995
109	5646	61.129
110	2147	60.24249999999999
111	22883	58.463
112	7057	57.7395
113	3848	57.5375
114	1508	54.528
115	5950	54.145500000000006
116	710	54.14149999999999
117	3868	53.648
118	5104	52.8405
119	7402	52.748000000000005
120	7047	52.6505
121	3488	52.6385
122	3827	50.539
123	3039	50.364
124	2822	49.085
125	4018	48.532
126	6927	47.322500000000005
127	2153	46.334500000000006
128	3053	45.433
129	3674	45.4245
130	1991	45.3335
131	1511	43.831
132	10134	42.461
133	7056	42.437
134	5275	42.229
135	2160	42.138
136	5627	42.1365
137	410	41.952
138	2159	41.835
139	5269	41.7355
140	5624	40.836
141	1471	40.8255
142	7025	40.781
143	23064	40.5615
144	2244	40.53
145	1601	38.0555
146	1476	37.925
147	12	37.8295
148	2150	37.8285
149	910	37.47
150	5345	37.332499999999996
151	334	36.755
152	5265	36.7295
153	2811	36.625
154	333	36.3525
155	10418	36.251999999999995
156	3822	35.869
157	10307	35.6475
158	926	35.3625
159	3817	33.6315
160	3690	32.826
161	337	32.082
162	336	31.5545
163	1990	31.327999999999996
164	4811	31.0265
165	1356	30.634000000000004
166	1278	30.5225
167	4982	30.424
168	2149	30.2305
169	7448	29.927
170	948	29.823
171	1277	29.222
172	3685	28.7275
173	6678	28.121500000000005
174	1080	28.05
175	5155	27.621000000000002
176	7074	26.829500000000003
177	2266	26.325499999999998
178	3538	26.047500000000003
179	26085	25.827499999999997
180	5329	24.755000000000003
181	6513	24.357999999999997
182	7036	23.253
183	1315	22.8505
184	22820	22.651
185	2162	21.523500000000002
186	5067	20.959
187	3339	20.8205
188	7045	20.603
189	2064	20.347
190	4318	19.81
191	3688	18.618000000000002
192	2161	17.023500000000002
193	6256	16.654500000000002
194	5154	16.6195
195	1280	16.404500000000002
196	1565	16.2805
197	3673	16.02
198	1576	15.948500000000001
199	3818	15.422
200	284217	15.4175
201	720	15.338
202	7040	15.007
203	350	14.923000000000002
204	387082	14.756
205	79925	14.4555
206	79139	14.4435
207	5549	14.404000000000002
208	1305	13.8185
209	3250	13.741499999999998
210	959	13.642
211	961	13.217000000000002
212	7035	12.8285
213	7253	12.6565
214	633	12.413499999999999
215	799	11.452
216	5663	11.158
217	983	11.0455
218	7422	11.0155
219	6574	10.453
220	928	10.4165
221	90070	10.219
222	3386	10.2135
223	2152	9.6265
224	1285	9.602
225	2158	9.537
226	1282	9.301
227	23542	9.2605
228	6590	9.223
229	152330	9.057500000000001
230	2812	8.916
231	2199	8.9025
232	2192	8.614
233	1293	8.511
234	1634	8.5015
235	1490	8.3095
236	4782	8.2335
237	4313	7.907500000000001
238	4856	7.809
239	3678	7.611500000000001
240	5653	7.600499999999999
241	3675	7.415000000000001
242	3481	7.206
243	3684	6.9125
244	4321	6.418000000000001
245	3082	6.1135
246	7052	5.914499999999999
247	1284	5.808
248	3693	5.6129999999999995
249	1286	5.6095
250	80781	5.5105
251	5657	5.404999999999999
252	5270	5.0075
253	7980	4.8469999999999995
254	1288	4.8065
255	1287	4.506
256	22795	4.4005
257	22918	4.107
258	3026	4.0055
259	5581	3.9479999999999995
260	5645	3.9085
261	2006	3.901
262	4147	3.8049999999999997
263	6696	3.312
264	2677	3.2365000000000004
265	5008	3.2039999999999997
266	2155	3.136
267	3485	2.8055
268	960	2.416
269	1956	2.4050000000000002
270	6288	2.2030000000000003
271	6714	1.956
272	4052	1.5065000000000002
273	5858	1.205
274	2200	0.7025
275	550	0.6085
276	1361	0.5035000000000001
277	1294	0.10049999999999999
278	26502	0.08249999999999999
279	3240	0.0805
280	63941	0.0785
281	283160	0.071
282	2710	0.056499999999999995
283	55333	0.05550000000000001
284	23385	0.05450000000000001
285	4001	0.05450000000000001
286	682	0.054000000000000006
287	8721	0.054000000000000006
288	9816	0.054000000000000006
289	51107	0.053500000000000006
290	8833	0.053500000000000006
291	55851	0.053000000000000005
292	9722	0.052500000000000005
293	5584	0.052000000000000005
294	7048	0.051500000000000004
295	9270	0.051500000000000004
296	3916	0.051000000000000004
297	10959	0.0505
298	55957	0.05
299	83464	0.0495
300	5664	0.049
301	5583	0.049
302	10972	0.0485
303	917	0.0485
304	433	0.0475
305	5588	0.047
306	2551	0.0465
307	1267	0.0465
308	10855	0.046
309	7037	0.046
310	5582	0.0455
311	23396	0.045
312	5243	0.045
313	140545	0.0445
314	2705	0.0445
315	4585	0.044
316	5590	0.044
317	55798	0.0435
318	4985	0.0435
319	25	0.043
320	4900	0.043
321	1605	0.042499999999999996
322	5580	0.042499999999999996
323	1795	0.041999999999999996
324	120	0.041999999999999996
325	64714	0.041499999999999995
326	5579	0.041499999999999995
327	84106	0.040999999999999995
328	65108	0.040999999999999995
329	9507	0.040999999999999995
330	8513	0.0405
331	5734	0.0405
332	1398	0.04
333	7504	0.04
334	1551	0.04
335	4969	0.0395
336	5341	0.0395
337	64759	0.0395
338	22983	0.039
339	5578	0.039
340	2316	0.0385
341	2890	0.0385
342	5644	0.0385
343	2534	0.038
344	846	0.038
345	6876	0.0375
346	8724	0.037
347	5066	0.037
348	1050	0.037
349	1501	0.0365
350	2893	0.0365
351	1020	0.036
352	2781	0.036
353	4846	0.0355
354	6624	0.0355
355	4690	0.034999999999999996
356	2566	0.034999999999999996
357	80831	0.034499999999999996
358	2561	0.034499999999999996
359	57716	0.034
360	2560	0.034
361	56955	0.0335
362	128853	0.033
363	9267	0.033
364	5295	0.0325
365	150	0.0325
366	83747	0.032
367	119	0.032
368	2317	0.0315
369	2769	0.0315
370	9472	0.031
371	4082	0.031
372	4007	0.0305
373	2673	0.0305
374	27	0.03
375	10287	0.03
376	6768	0.03
377	2885	0.0295
378	57190	0.028999999999999998
379	9338	0.028999999999999998
380	58512	0.028499999999999998
381	118	0.028499999999999998
382	85358	0.028000000000000004
383	624	0.028000000000000004
384	23230	0.027500000000000004
385	4689	0.027500000000000004
386	9228	0.027000000000000003
387	4225	0.027000000000000003
388	9229	0.026500000000000003
389	3150	0.026500000000000003
390	29886	0.026000000000000002
391	4842	0.026000000000000002
392	22941	0.025500000000000002
393	9793	0.025
394	3554	0.025
395	22839	0.0245
396	2911	0.0245
397	5335	0.024
398	9266	0.024
399	445815	0.0235
400	6199	0.0235
401	92591	0.023
402	4780	0.023
403	9749	0.0225
404	26353	0.0225
405	1742	0.022
406	3689	0.022
407	79890	0.0215
408	3315	0.0215
409	29998	0.020999999999999998
410	3559	0.020999999999999998
411	10618	0.020499999999999997
412	9421	0.020499999999999997
413	2137	0.02
414	5566	0.02
415	81875	0.0195
416	7137	0.0195
417	2151	0.019
418	5568	0.019
419	11217	0.0185
420	5567	0.0185
421	3400	0.018
422	2931	0.018
423	9826	0.017499999999999998
424	5782	0.017499999999999998
425	9103	0.017
426	156	0.017
427	2334	0.0165
428	94274	0.0165
429	8529	0.016
430	114784	0.0155
431	2670	0.0155
432	2065	0.015
433	3706	0.015
434	1101	0.015
435	10557	0.014499999999999999
436	688	0.014499999999999999
437	9187	0.014000000000000002
438	3875	0.014000000000000002
439	11184	0.013500000000000002
440	5788	0.013500000000000002
441	8853	0.013000000000000001
442	815	0.013000000000000001
443	3479	0.013000000000000001
444	10278	0.0125
445	8682	0.0125
446	3487	0.0125
447	2185	0.012
448	831	0.0115
449	5587	0.0115
450	50807	0.011
451	1103	0.011
452	1759	0.010499999999999999
453	2904	0.010499999999999999
454	6237	0.01
455	2902	0.01
456	6654	0.0095
457	6464	0.009
458	60312	0.009
459	2321	0.0085
460	6383	0.0085
461	3732	0.0085
462	2889	0.008
463	3672	0.008
464	4233	0.008
465	6655	0.0075
466	5770	0.0075
467	1399	0.007000000000000001
468	301	0.007000000000000001
469	9564	0.006500000000000001
470	3269	0.006500000000000001
471	5747	0.006
472	1386	0.006
473	9743	0.0055
474	3667	0.0055
475	3643	0.005
476	9846	0.0045
477	6944	0.0045
478	4067	0.004
479	154	0.004
480	613	0.0035000000000000005
481	5894	0.0035000000000000005
482	867	0.003
483	9590	0.003
484	5829	0.0025
485	818	0.0025
486	4237	0.0025
487	5781	0.002
488	27329	0.002
489	3280	0.002
490	4739	0.0015
491	7431	0.0015
492	6850	0.001
493	817	0.001
494	164656	0.001
495	2066	0.0005
496	3856	0.0005
497	3934	0.0005
