rank	node	rank_score
1	140032	180.1
2	6192	179.1995
3	6167	178.299
4	6227	177.3985
5	6171	176.498
6	6164	175.5975
7	2197	174.697
8	6230	173.7965
9	6234	172.89600000000002
10	497661	171.9955
11	6170	171.095
12	6209	170.1945
13	6173	169.294
14	6161	168.3935
15	6235	167.493
16	6232	166.5925
17	6181	165.692
18	25873	164.79149999999998
19	3921	163.891
20	6206	162.9905
21	4736	162.09
22	6155	161.1895
23	6169	160.289
24	6208	159.3885
25	6156	158.488
26	6133	157.5875
27	6217	156.68699999999998
28	6146	155.7865
29	6205	154.88600000000002
30	6122	153.9855
31	6224	153.08499999999998
32	6138	152.1845
33	6193	151.28400000000002
34	6168	150.3835
35	6228	149.483
36	6143	148.5825
37	6134	147.682
38	6158	146.7815
39	23521	145.881
40	6176	144.9805
41	6157	144.07999999999998
42	6142	143.17950000000002
43	6160	142.279
44	6222	141.37849999999997
45	6136	140.478
46	6147	139.57750000000001
47	11224	138.677
48	6124	137.7765
49	7311	136.876
50	6175	135.87550000000002
51	9045	134.875
52	6141	134.37449999999998
53	6132	133.374
54	6233	132.3735
55	6137	131.473
56	6159	130.5725
57	6144	129.672
58	6210	128.7715
59	6191	127.87100000000001
60	6188	126.97049999999999
61	6194	126.07000000000001
62	6152	125.1695
63	6154	124.269
64	6187	123.3685
65	6130	122.468
66	6128	121.5675
67	6207	120.667
68	6202	119.7665
69	6129	118.86599999999999
70	6203	117.96549999999999
71	9349	117.06500000000001
72	6189	116.1645
73	55131	115.26399999999998
74	3007	114.3635
75	11137	113.46300000000001
76	8971	112.5625
77	51602	111.66199999999999
78	55681	110.7615
79	8342	109.86100000000002
80	55299	108.9605
81	72	108.05999999999999
82	6727	107.15950000000001
83	6949	106.25900000000001
84	9221	105.3585
85	7284	104.458
86	9188	103.5575
87	1938	102.457
88	4673	101.5565
89	10969	101.15599999999999
90	55646	100.05550000000001
91	6732	99.05499999999999
92	81027	98.0545
93	26156	97.054
94	10514	96.6535
95	10642	95.053
96	51631	94.9525
97	26354	93.652
98	3609	92.6515
99	4904	91.951
100	292	90.9505
101	2091	90.05
102	7846	89.1495
103	7150	88.249
104	3608	87.3485
105	4869	86.44800000000001
106	3178	85.5475
107	4691	84.647
108	4670	83.7465
109	4809	82.846
110	3192	81.9455
111	11338	81.045
112	7307	80.1445
113	1660	79.244
114	1915	78.34349999999999
115	728937	77.44300000000001
116	22907	76.54249999999999
117	5245	75.542
118	23345	74.8415
119	6139	73.841
120	284695	72.9405
121	27043	72.03999999999999
122	170506	71.1395
123	11331	69.939
124	9782	69.538
125	55226	68.5385
126	50628	67.337
127	23560	66.6365
128	388698	65.236
129	26608	63.935500000000005
130	23405	63.727999999999994
131	55003	63.035000000000004
132	5042	62.1345
133	54881	61.234
134	27292	60.3335
135	51202	59.43299999999999
136	8886	58.532500000000006
137	81887	57.63199999999999
138	83858	56.731500000000004
139	57418	55.730999999999995
140	5094	55.0305
141	23263	54.029999999999994
142	1748	52.929500000000004
143	9329	52.428999999999995
144	5250	51.4375
145	2332	51.3285
146	1314	50.3275
147	1994	48.626999999999995
148	3191	47.7265
149	2975	46.826
150	9733	45.9255
151	2058	45.025
152	6184	43.9245
153	8487	43.424
154	25885	42.1235
155	9533	41.623000000000005
156	6950	40.5225
157	3183	39.622
158	10989	38.721500000000006
159	5976	37.821000000000005
160	10492	36.72
161	23450	36.2205
162	3326	35.1195
163	26986	33.8185
164	9775	33.719
165	9513	32.418
166	4343	31.1175
167	23451	30.917
168	10643	29.816499999999998
169	23020	28.815999999999995
170	10419	27.915499999999998
171	55037	27.014999999999997
172	222235	26.1145
173	509	25.0135
174	3188	24.514
175	10772	23.413
176	11103	22.5125
177	55379	21.212
178	84844	21.1115
179	56945	19.811
180	23107	18.910500000000003
181	1665	18.009999999999998
182	79084	17.1095
183	10992	16.209
184	3185	15.3085
185	64960	14.407999999999998
186	64969	13.507499999999999
187	51116	12.607
188	51649	11.7065
189	51021	10.806000000000001
190	51639	9.9055
191	8087	9.004999999999999
192	5936	8.1045
193	30968	7.203999999999999
194	8335	6.3035
195	51065	5.1025
196	51191	4.803
197	284996	3.6019999999999994
198	57835	2.7015000000000002
199	84319	1.8009999999999997
200	1717	0.8004999999999999
201	388697	0.0005
