rank	node	rank_score
1	10859	180.1
2	567	179.1995
3	3105	178.199
4	6892	177.4985
5	6891	176.398
6	3135	175.4975
7	6890	174.597
8	811	174.09650000000002
9	3134	172.89600000000002
10	3133	171.7955
11	2923	171.29500000000002
12	10288	170.1945
13	925	169.294
14	821	168.3935
15	912	167.493
16	3824	166.5925
17	1315	165.3915
18	6513	164.49200000000002
19	22820	164.49099999999999
20	26958	162.8905
21	22818	161.99
22	51226	161.0895
23	372	160.189
24	51272	159.1885
25	11316	158.288
26	9276	157.6875
27	1314	156.587
28	22908	155.6865
29	3822	155.1845
30	6955	154.186
31	915	153.2855
32	926	152.084
33	10134	150.685
34	5354	150.4835
35	6532	148.583
36	10728	148.48250000000002
37	3821	146.382
38	5034	145.5795
39	2625	145.1815
40	5376	144.781
41	30001	144.679
42	375	142.278
43	4048	141.9805
44	10959	141.3775
45	55738	140.477
46	10945	139.57649999999998
47	5997	138.676
48	56886	138.18
49	4163	104.97449999999999
50	81876	104.174
51	6902	103.47350000000002
52	5862	102.773
53	10289	98.7715
54	8729	92.7785
55	54093	85.872
56	873	85.6725
57	51386	76.2755
58	7879	69.6695
59	3312	60.248000000000005
60	7416	59.31700000000001
61	56681	56.87050000000001
62	302	56.712
63	8668	55.9045
64	6749	55.17
65	38	52.471000000000004
66	4869	50.5695
67	10128	47.904
68	5999	46.374
69	10534	46.075
70	7428	43.169
71	8665	42.97
72	8667	42.4695
73	8661	42.169
74	4691	41.765
75	8666	41.6685
76	8664	41.568
77	9141	41.0675
78	8669	41.0675
79	8407	40.6685
80	5902	40.466499999999996
81	51504	40.464999999999996
82	27335	40.366499999999995
83	9641	40.3655
84	10480	40.166
85	3646	40.0655
86	8662	39.665
87	6129	39.643
88	9960	39.564
89	3309	39.4705
90	5110	39.366
91	2035	39.3645
92	23043	39.267
93	8663	39.2645
94	1974	38.7635
95	7247	38.664
96	3251	38.463499999999996
97	1933	38.263
98	2597	37.662
99	1892	37.562
100	6191	37.3185
101	2171	37.163
102	4637	37.161500000000004
103	24140	37.159000000000006
104	7419	36.961
105	7189	36.8615
106	10056	36.7595
107	9474	36.6625
108	39	36.56
109	10202	36.56
110	27101	36.558499999999995
111	7417	35.959
112	10857	35.861000000000004
113	4282	35.6595
114	309	35.6585
115	5564	35.6575
116	6141	35.6165
117	3842	35.158
118	10726	35.155
119	136319	35.0565
120	55920	34.957
121	54205	34.757999999999996
122	6240	34.756
123	6130	34.714999999999996
124	8344	34.657
125	2023	34.3565
126	3184	34.3555
127	498	34.056
128	10627	33.9555
129	920	33.555
130	2108	33.4545
131	7345	33.3605
132	301	33.2545
133	2771	32.9535
134	6207	32.714
135	6223	32.654
136	6202	32.616
137	6204	32.352999999999994
138	6201	32.0145
139	3921	31.952499999999997
140	10399	31.451999999999998
141	5708	31.326
142	6156	31.324
143	3837	31.1515
144	5687	30.854000000000003
145	4311	30.851
146	5691	30.753499999999995
147	3181	30.5505
148	6146	30.149
149	6208	30.1255
150	6135	30.1125
151	9861	30.052999999999997
152	10197	30.051
153	5901	30.049500000000002
154	5683	29.752
155	6206	29.648500000000002
156	5688	29.351499999999998
157	6229	29.348000000000003
158	6205	29.122500000000002
159	5719	29.0525
160	3187	29.047500000000003
161	203068	28.747000000000003
162	5682	28.6505
163	5689	28.549500000000002
164	3932	28.446500000000004
165	10525	28.319
166	5692	27.95
167	3329	27.945
168	6222	27.845999999999997
169	5707	27.7485
170	5693	27.649
171	6161	27.609500000000004
172	1652	27.468
173	5700	27.448
174	6176	27.2445
175	6175	26.944
176	5694	26.847500000000004
177	3320	26.643
178	10213	26.547000000000004
179	6170	26.309000000000005
180	5706	26.246500000000005
181	5245	26.2425
182	7846	26.1435
183	5718	26.045499999999997
184	5704	25.746
185	6235	25.700499999999998
186	5721	25.645
187	497661	25.508
188	4904	25.442
189	6203	25.241
190	5695	25.1445
191	6189	24.8405
192	5714	24.7435
193	5702	24.644
194	6209	24.5065
195	6125	24.121000000000002
196	5690	24.043
197	7431	24.039499999999997
198	6173	24.006
199	5711	23.942500000000003
200	5713	23.642000000000003
201	6228	23.6415
202	3178	23.5385
203	5685	23.241500000000002
204	5701	23.04
205	1654	23.038
206	5686	22.841
207	5716	22.7405
208	6218	22.4035
209	6155	22.3405
210	5720	22.139499999999998
211	5710	21.738999999999997
212	5709	21.6385
213	4736	21.5385
214	1655	21.435
215	23198	21.137999999999998
216	6160	21.0425
217	51377	21.0375
218	60	20.934
219	4350	20.726499999999998
220	7086	20.621000000000002
221	3326	20.533499999999997
222	6217	20.523500000000002
223	5684	20.437
224	2688	20.429
225	5717	20.3365
226	11047	20.136000000000003
227	3692	20.125
228	5705	19.835
229	8793	19.5205
230	3306	19.4355
231	2665	19.2235
232	6122	19.11
233	7277	18.834
234	3336	18.82
235	5358	18.319499999999998
236	6159	18.244
237	81027	18.232999999999997
238	25873	18.23
239	25996	18.2245
240	11164	18.2215
241	3303	17.932499999999997
242	6133	17.923
243	801	17.674500000000002
244	9097	17.631999999999998
245	6227	17.1275
246	5198	17.1155
247	80227	17.031
248	5696	16.7305
249	6624	16.7165
250	2197	16.6255
251	5698	16.43
252	51371	16.1295
253	140032	16.0265
254	79008	15.8285
255	2935	15.711500000000001
256	6192	15.625
257	6165	15.624500000000001
258	1812	15.575
259	548593	15.5275
260	6231	15.4245
261	3784	15.228
262	6152	15.14
263	6167	15.124
264	5347	14.727
265	6171	14.723500000000001
266	128312	14.6735
267	6741	14.572999999999999
268	11198	14.4725
269	8342	14.466999999999999
270	4609	14.425999999999998
271	6136	14.420499999999999
272	51552	14.377
273	121504	14.371500000000001
274	6164	14.322999999999999
275	3615	14.315000000000001
276	6234	14.2225
277	6181	14.2215
278	3014	14.172
279	10236	14.071000000000002
280	8531	13.969
281	4791	13.9255
282	3018	13.868500000000001
283	1981	13.800999999999998
284	55037	13.6675
285	6230	13.622
286	26986	13.468
287	6128	13.4175
288	140890	13.166
289	22907	13.0665
290	142	12.9655
291	6168	12.8205
292	2091	12.7645
293	1058	12.664
294	6154	12.6395
295	6224	12.621500000000001
296	1059	12.563500000000001
297	6138	12.52
298	2491	12.463
299	22919	12.424000000000001
300	22837	12.3625
301	55717	12.262
302	7077	12.222999999999999
303	6147	12.2195
304	23091	12.1615
305	80829	12.061
306	51773	11.9605
307	9520	11.9225
308	79801	11.86
309	79019	11.7595
310	91687	11.659
311	64105	11.558499999999999
312	10606	11.522
313	79172	11.458
314	79948	11.3575
315	6232	11.318000000000001
316	55379	11.3095
317	1060	11.257
318	64946	11.1565
319	9493	11.056000000000001
320	9045	11.042
321	6132	11.039
322	829	11.001999999999999
323	79682	10.9555
324	29127	10.855
325	6143	10.817499999999999
326	648	10.7545
327	9688	10.654
328	57332	10.5535
329	6015	10.453
330	11335	10.352500000000001
331	6045	10.251999999999999
332	8467	10.1515
333	23193	10.118500000000001
334	8451	10.051
335	25962	9.9505
336	9589	9.8495
337	51593	9.748999999999999
338	9785	9.65
339	1642	9.5485
340	6193	9.514500000000002
341	6137	9.437999999999999
342	55839	9.3475
343	5062	9.315999999999999
344	6142	9.314
345	353	9.308
346	55166	9.247
347	80152	9.1465
348	6194	9.118
349	401541	9.046
350	378708	8.9455
351	23421	8.845
352	6169	8.8135
353	6134	8.7155
354	23450	8.644499999999999
355	6144	8.437000000000001
356	11345	8.4125
357	382	8.1135
358	6158	8.113
359	1660	7.9435
360	728937	7.840999999999999
361	8565	7.712999999999999
362	6210	7.619
363	23521	7.612
364	25778	7.5175
365	50649	7.4375
366	6323	7.336499999999999
367	22824	7.311
368	83939	7.236
369	11224	7.211499999999999
370	1938	7.1315
371	6187	7.117
372	3035	7.034999999999999
373	6897	6.9355
374	8883	6.8345
375	6157	6.8105
376	3030	6.8095
377	10436	6.734
378	11269	6.633
379	2072	6.532500000000001
380	689	6.5105
381	6124	6.509
382	4173	6.4334999999999996
383	9040	6.332
384	8349	6.231
385	6888	6.21
386	3735	6.13
387	6188	6.1155
388	1917	6.0295000000000005
389	4738	5.9305
390	8450	5.829
391	8452	5.728
392	4174	5.6285
393	9063	5.5275
394	9601	5.514
395	8412	5.5055
396	8065	5.4270000000000005
397	8453	5.2265
398	10155	5.205
399	6612	5.025
400	9349	4.812
401	8554	4.7219999999999995
402	1936	4.6025
403	7030	4.5045
404	6418	4.002
405	10985	3.8195
406	2947	3.8034999999999997
407	7407	3.7015000000000002
408	9129	3.62
409	8767	3.218
410	55131	3.2075000000000005
411	115207	3.17
412	3007	2.707
413	8454	2.6135
414	5111	2.513
415	7311	2.303
416	5093	2.3009999999999997
417	7533	2.2115
418	204	2.2085
419	1915	2.011
420	7532	1.9105
421	47	1.8039999999999998
422	10969	1.7085000000000001
423	6727	1.6030000000000002
424	11137	1.5050000000000001
425	8900	1.5035
426	1029	1.309
427	8971	1.1045
428	9188	0.9055
429	654364	0.8004999999999999
430	328	0.7005
431	55681	0.604
432	7284	0.602
433	81892	0.40750000000000003
434	51602	0.4025
435	6949	0.10149999999999999
436	79016	0.0755
437	8833	0.0745
438	2098	0.074
439	5870	0.072
440	51218	0.071
441	10972	0.0705
442	3396	0.06949999999999999
443	203547	0.068
444	94081	0.0675
445	23011	0.0675
446	3359	0.066
447	85415	0.05
448	548596	0.007000000000000001
449	5589	0.006500000000000001
450	1968	0.006
451	7812	0.003
452	55299	0.001
