rank	node	rank_score
1	841	175.1995
2	4137	174.3985
3	55798	173.09300000000002
4	339175	172.89600000000002
5	839	172.0975
6	83941	171.099
7	836	168.898
8	834	157.59650000000002
9	4925	156.997
10	837	154.695
11	843	150.7945
12	840	149.7955
13	8837	149.6915
14	11140	145.55349999999999
15	23581	144.89000000000001
16	3606	144.494
17	65267	143.586
18	835	141.7925
19	10392	138.9895
20	331	134.8935
21	842	134.88899999999998
22	598	133.0905
23	83464	129.598
24	64127	129.291
25	22861	129.2885
26	207	128.53699999999998
27	317	124.08800000000001
28	320	119.4
29	51295	118.093
30	10134	115.492
31	140545	114.29249999999999
32	1020	111.987
33	54536	111.79099999999998
34	2639	110.5915
35	22983	109.8895
36	84171	108.58800000000001
37	637	108.0865
38	6468	107.88899999999998
39	5894	107.64200000000001
40	596	107.18400000000001
41	2	106.0865
42	10017	105.987
43	1995	104.9885
44	24138	104.8835
45	9361	103.98499999999999
46	4846	103.48299999999999
47	84106	103.2855
48	1558	102.0845
49	3437	101.9825
50	642	100.8875
51	1562	100.384
52	5886	100.078
53	7001	99.98150000000001
54	1832	99.7875
55	3337	99.58099999999999
56	1559	98.87899999999999
57	51013	98.782
58	8767	98.28150000000001
59	57099	96.877
60	7372	96.7775
61	5590	96.063
62	58484	94.485
63	10724	94.474
64	330	92.18050000000001
65	7316	90.876
66	9546	90.595
67	29108	89.583
68	1639	88.27250000000001
69	10000	87.962
70	581	86.4745
71	5925	85.977
72	23787	80.75699999999999
73	3320	79.6555
74	23385	76.799
75	572	76.761
76	84898	75.89750000000001
77	54850	75.8765
78	329	75.479
79	8915	71.564
80	7431	71.2215
81	208	70.9625
82	10273	69.9255
83	4170	69.367
84	8808	69.0535
85	7132	68.181
86	414899	67.88199999999999
87	8737	67.0765
88	5594	66.239
89	6622	65.765
90	9020	64.15650000000001
91	8717	63.875
92	367	62.7565
93	6667	61.722
94	7186	61.560500000000005
95	7185	61.477999999999994
96	10277	61.185500000000005
97	8772	60.0775
98	5599	60.064499999999995
99	27113	59.966499999999996
100	578	59.3685
101	3312	58.636
102	7314	58.4585
103	10018	57.04
104	6714	56.611000000000004
105	838	55.9735
106	3303	55.759
107	7087	55.1905
108	8795	54.67999999999999
109	355	54.4755
110	92737	53.39
111	7416	53.025999999999996
112	673	51.2085
113	5366	51.0415
114	79444	50.654
115	27429	50.5595
116	6885	50.45
117	599	50.4405
118	3002	49.7835
119	51107	49.196000000000005
120	8996	47.972500000000004
121	55851	47.3935
122	3551	47.351
123	7157	47.055
124	1027	46.4375
125	113457	45.749
126	162989	45.6845
127	54739	45.4435
128	3305	45.167500000000004
129	322	44.891999999999996
130	7187	44.073
131	23118	44.0575
132	597	43.942
133	8517	43.8525
134	790	43.547000000000004
135	1147	43.344
136	8739	43.0455
137	27250	42.961
138	1326	42.843
139	6722	42.754
140	203068	42.2435
141	8797	41.666
142	3326	41.1365
143	5595	41.1265
144	2081	41.046
145	573	40.923500000000004
146	3654	39.952
147	7278	39.7455
148	3309	38.7475
149	4215	37.632
150	8682	37.437
151	56616	36.971000000000004
152	7189	36.658
153	92609	36.6465
154	10382	36.248000000000005
155	6731	35.9805
156	29110	35.541
157	4634	35.344
158	10454	35.335
159	25981	35.096500000000006
160	4478	34.9705
161	7534	34.7515
162	1313	34.5795
163	124912	34.4825
164	4214	33.939499999999995
165	10010	33.5445
166	9545	33.2765
167	2597	32.921
168	396	32.7715
169	4791	32.438
170	4790	31.934500000000003
171	11035	31.5485
172	4792	31.439999999999998
173	2932	31.323500000000003
174	3313	31.139
175	4794	30.8385
176	5970	30.328999999999997
177	638	30.238
178	4793	29.934000000000005
179	51237	29.6695
180	9191	29.668
181	7529	29.025
182	5604	28.8435
183	805	28.841499999999996
184	387	28.7635
185	5414	28.674
186	8792	28.654500000000002
187	7430	28.565499999999997
188	2099	28.4275
189	808	28.3375
190	801	27.933
191	3301	27.6305
192	9532	27.03
193	83596	26.430500000000002
194	2802	26.368000000000002
195	90427	26.232999999999997
196	5971	26.1355
197	71	26.0505
198	7133	25.0325
199	5966	24.0265
200	1457	23.7445
201	1213	23.431
202	5591	23.127
203	708	22.7335
204	6416	22.6295
205	25	22.433
206	356	22.36
207	3308	22.1225
208	8740	21.9595
209	347733	21.224
210	3875	20.8595
211	26133	20.716500000000003
212	1432	20.628999999999998
213	8743	20.574
214	4055	20.27
215	9641	20.2275
216	2861	19.8005
217	5578	18.9195
218	3310	18.8285
219	220717	18.72
220	7188	18.653
221	1026	18.423000000000002
222	11076	18.232499999999998
223	63970	18.232
224	27178	17.487000000000002
225	80333	17.28
226	6196	17.2065
227	7311	16.9235
228	10758	16.645
229	3856	16.0135
230	6233	15.4295
231	5770	15.053
232	409	15.023000000000001
233	1956	14.9215
234	4741	14.761000000000001
235	7249	14.711000000000002
236	4628	14.5315
237	2734	14.228
238	283455	13.635500000000002
239	5499	13.450999999999999
240	1051	13.4055
241	4671	13.169
242	114548	12.9785
243	4001	12.9605
244	1019	12.657
245	7015	12.5095
246	4193	12.334
247	57448	12.265
248	1022	12.055
249	408	12.018
250	983	11.9475
251	332	11.8825
252	4217	11.542
253	3725	11.5265
254	7182	11.3415
255	8607	11.309000000000001
256	1021	11.1515
257	85366	11.119499999999999
258	9919	11.001000000000001
259	4609	10.931999999999999
260	2308	10.9205
261	150684	10.719
262	6156	10.619499999999999
263	7531	10.607
264	5581	10.443000000000001
265	3064	10.061499999999999
266	3667	10.0295
267	1459	10.022499999999999
268	282049	9.472
269	1017	9.05
270	84152	9.044
271	4776	9.005500000000001
272	120892	8.9625
273	10892	8.8495
274	1654	8.722
275	1025	8.540000000000001
276	4627	8.414
277	6207	8.313500000000001
278	60401	8.1695
279	672	8.024
280	2033	8.000499999999999
281	894	7.8420000000000005
282	9891	7.7355
283	5610	7.639
284	5584	7.505
285	84617	7.224500000000001
286	4654	7.024500000000001
287	8239	7.0155
288	5058	6.739500000000001
289	7465	6.608499999999999
290	2289	6.5280000000000005
291	4637	6.5175
292	3925	6.438
293	5601	6.417
294	257397	6.413499999999999
295	958	6.342499999999999
296	157310	6.3155
297	55504	6.256
298	8986	6.2025
299	995	6.125
300	3324	5.848
301	2887	5.827
302	595	5.82
303	4646	5.817
304	6197	5.801
305	2764	5.704
306	10485	5.6450000000000005
307	56940	5.5424999999999995
308	10763	5.5409999999999995
309	4869	5.5075
310	4067	5.3405000000000005
311	5580	5.33
312	1387	5.3085
313	1460	5.237
314	2931	5.2165
315	6853	5.139
316	5134	5.1055
317	6241	5.0185
318	60	4.8085
319	10128	4.718500000000001
320	498	4.5125
321	5170	4.4015
322	9131	4.3225
323	994	4.212999999999999
324	8454	4.112
325	6128	4.004
326	1499	3.9325
327	4088	3.918
328	5300	3.8259999999999996
329	6198	3.8115
330	2885	3.6015
331	9043	3.511
332	4303	3.2079999999999997
333	1111	2.9315
334	3329	2.9165
335	7532	2.609
336	4000	2.5465
337	1917	2.416
338	1386	2.216
339	10627	2.1285
340	7153	2.119
341	3187	1.8050000000000002
342	5521	1.6204999999999998
343	993	1.6035
344	3184	1.5115
345	1933	1.4105
346	1050	1.4075
347	7846	1.31
348	3297	1.3035
349	9530	1.2475
350	142	1.025
351	6130	0.9055
352	334	0.8140000000000001
353	91768	0.728
354	10056	0.7045
355	10202	0.7025
356	2002	0.614
357	7419	0.40800000000000003
358	5579	0.312
359	10480	0.3015
360	302	0.215
361	4194	0.21000000000000002
362	5566	0.1105
363	3837	0.10700000000000001
364	55957	0.095
365	10972	0.094
366	22883	0.0935
367	10194	0.093
368	128553	0.092
369	10959	0.0905
370	321	0.09
371	682	0.088
372	63941	0.08399999999999999
373	9748	0.08199999999999999
374	57559	0.0785
375	83594	0.0785
376	388407	0.075
377	84570	0.0705
378	8809	0.068
379	4663	0.067
380	823	0.0665
381	22900	0.064
382	51535	0.063
383	92703	0.063
384	84674	0.0625
385	8878	0.0615
386	389114	0.0615
387	1901	0.057999999999999996
388	126669	0.057499999999999996
389	8718	0.0505
390	23258	0.05
391	5728	0.0485
392	4744	0.048
393	56731	0.048
394	9397	0.0465
395	4287	0.0445
396	84498	0.0445
397	1847	0.044
398	286343	0.043
399	5321	0.043
400	26092	0.041499999999999995
401	6009	0.041499999999999995
402	200576	0.040999999999999995
403	6900	0.0405
404	3832	0.0375
405	9261	0.037
406	51499	0.0355
407	1852	0.034999999999999996
408	273	0.034
409	2903	0.0335
410	6689	0.033
411	1452	0.0325
412	6548	0.032
413	10059	0.0305
414	5605	0.03
415	3150	0.0295
416	6195	0.028000000000000004
417	2316	0.027500000000000004
418	9252	0.025
419	1612	0.024
420	7468	0.023
421	6421	0.023
422	4255	0.0225
423	55346	0.0225
424	64343	0.0215
425	3839	0.0195
426	4150	0.0185
427	7415	0.0185
428	401152	0.018
429	89857	0.017499999999999998
430	6232	0.017
431	3304	0.017
432	55294	0.0165
433	4691	0.016
434	25946	0.016
435	6500	0.016
436	285464	0.015
437	54939	0.014499999999999999
438	1385	0.014499999999999999
439	613	0.013500000000000002
440	7417	0.013000000000000001
441	1846	0.013000000000000001
442	10788	0.013000000000000001
443	2810	0.013000000000000001
444	3932	0.012
445	4089	0.0115
446	10856	0.0115
447	64425	0.011
448	5587	0.01
449	8826	0.0095
450	4528	0.0095
451	5501	0.009
452	9744	0.009
453	51397	0.0085
454	6129	0.008
455	301	0.006500000000000001
456	23291	0.006500000000000001
457	10399	0.006
458	2969	0.006
459	6202	0.006
460	9462	0.006
461	4780	0.006
462	10849	0.005
463	55664	0.005
464	7504	0.0045
465	6774	0.0045
466	5437	0.0045
467	6204	0.004
468	6709	0.004
469	51082	0.004
470	309	0.0035000000000000005
471	3921	0.0035000000000000005
472	5537	0.0035000000000000005
473	8664	0.003
474	653361	0.003
475	861	0.003
476	84172	0.003
477	6199	0.0025
478	2023	0.002
479	6720	0.002
480	5441	0.002
481	2353	0.0015
482	1843	0.0015
483	4311	0.0015
484	8344	0.001
485	8668	0.0005
486	984	0.0005
