rank	node	rank_score
1	8737	177.1995
2	7186	170.4
3	113457	164.597
4	29110	164.29850000000002
5	7278	162.2965
6	9020	160.2905
7	10010	159.1975
8	3305	158.49200000000002
9	3551	157.7925
10	10382	157.791
11	7132	156.5935
12	8717	154.4955
13	6885	154.478
14	3313	153.186
15	8517	153.0885
16	1147	151.08800000000002
17	1326	149.6865
18	4790	149.2845
19	3303	149.1875
20	4792	148.3855
21	7189	147.3735
22	11035	146.4915
23	23118	145.77849999999998
24	71	145.584
25	4791	145.385
26	4794	143.6835
27	5971	142.482
28	4793	142.183
29	790	141.7765
30	5970	141.68099999999998
31	8767	140.79000000000002
32	805	140.47899999999998
33	808	139.5825
34	5966	139.5805
35	148022	139.299
36	92609	139.1815
37	3301	138.273
38	203068	138.07999999999998
39	3320	137.48899999999998
40	9641	136.77550000000002
41	1213	136.47750000000002
42	7133	135.1745
43	3312	134.977
44	801	131.8795
45	4215	129.776
46	9532	129.474
47	7316	128.17000000000002
48	3326	127.975
49	10454	126.771
50	4214	126.4725
51	347733	124.272
52	3310	124.07150000000001
53	220717	122.46849999999999
54	7314	122.269
55	708	118.97049999999999
56	11140	117.1695
57	6233	116.468
58	7311	116.4675
59	8607	115.3655
60	2734	115.1625
61	4646	115.06700000000001
62	409	114.3665
63	408	110.465
64	841	109.293
65	6156	104.263
66	1917	103.8635
67	6207	102.76199999999999
68	1654	100.3615
69	6128	100.161
70	6232	99.5595
71	8454	98.659
72	5134	95.2645
73	10856	94.4585
74	9349	92.357
75	292	91.458
76	6205	90.75750000000001
77	6188	89.0565
78	6217	86.75550000000001
79	6202	86.75450000000001
80	293	86.554
81	2091	86.155
82	150684	84.966
83	4628	83.6605
84	6224	83.45349999999999
85	6135	82.953
86	6191	82.85249999999999
87	6208	82.55199999999999
88	64343	82.298
89	6204	81.4505
90	6129	80.946
91	6169	78.1515
92	6146	77.749
93	10985	77.45599999999999
94	6203	77.1445
95	6222	76.44800000000001
96	6141	75.7485
97	6181	74.8495
98	2969	74.56
99	6189	74.143
100	6223	73.7475
101	6229	73.547
102	6132	73.15
103	6130	72.1465
104	6124	71.9455
105	6193	69.94500000000001
106	6206	69.644
107	25873	66.7435
108	2197	66.742
109	6218	65.74249999999999
110	4869	65.251
111	6171	64.8415
112	6122	64.741
113	140032	64.74
114	6192	62.8395
115	6167	61.939
116	6227	60.9385
117	3921	60.1375
118	6164	59.638
119	6161	59.4405
120	6231	58.437
121	6230	57.2365
122	6234	56.136
123	8837	56.0895
124	6170	55.7355
125	497661	54.735
126	330	54.5945
127	6209	53.5345
128	7187	52.79600000000001
129	6173	52.634
130	6235	51.4335
131	6155	51.43299999999999
132	8915	50.464
133	4736	50.4325
134	6176	49.9315
135	6133	49.230000000000004
136	6125	49.132
137	6210	47.931
138	6165	47.6305
139	7763	46.7975
140	6160	45.0295
141	6228	44.82899999999999
142	6137	44.7285
143	11224	44.227999999999994
144	10758	42.589
145	6175	42.426
146	6152	42.027
147	6194	41.927499999999995
148	6138	41.2265
149	6168	39.2255
150	6134	39.225
151	9045	38.8245
152	1540	38.5945
153	8784	37.795
154	6147	36.6235
155	6136	36.024
156	6157	35.923
157	329	35.789
158	6143	35.5225
159	26133	34.687
160	6187	34.0205
161	23521	33.722
162	6201	32.319
163	6142	30.921000000000003
164	6158	30.819499999999998
165	6159	30.4215
166	6154	30.119999999999997
167	7415	28.466499999999996
168	6144	28.4185
169	55681	27.418
170	4673	26.9175
171	8971	25.817
172	9188	24.9165
173	55131	23.9155
174	3007	22.915
175	7846	22.316
176	11137	21.914499999999997
177	8342	21.6135
178	4904	21.1095
179	6949	20.913999999999998
180	51602	19.913
181	843	19.7895
182	5955	19.697
183	10906	19.599
184	3654	19.564
185	8795	19.288
186	8772	19.187
187	8797	18.9875
188	57506	18.895500000000002
189	355	18.8855
190	72	18.812
191	3661	18.7985
192	8996	18.683500000000002
193	840	18.589
194	835	18.483
195	637	18.3825
196	8743	18.2865
197	4478	18.181
198	396	18.0805
199	7430	17.98
200	9221	17.911
201	387	17.8795
202	356	17.779
203	5599	17.6785
204	6727	17.4115
205	836	17.381999999999998
206	55299	16.410500000000003
207	7284	16.3125
208	1938	15.01
209	81027	13.609
210	4691	13.307999999999998
211	26156	12.108500000000001
212	331	11.875
213	6732	11.5075
214	5591	11.2325
215	9131	11.135
216	10892	10.936499999999999
217	2058	10.8005
218	6421	10.629000000000001
219	51631	10.206999999999999
220	10969	9.8065
221	10514	9.506
222	4670	8.3055
223	3608	8.1045
224	10642	7.205
225	3609	5.8035
226	10788	5.759
227	3192	5.7025
228	23291	5.657500000000001
229	9462	5.5585
230	10849	5.458
231	4528	5.3565
232	3178	5.302
233	84172	5.2555
234	55646	5.204
235	51082	5.156000000000001
236	64425	5.057
237	26354	5.003
238	6500	4.955
239	5437	4.8545
240	10128	4.76
241	5441	4.5535
242	25885	4.454
243	3838	4.453
244	4163	4.2524999999999995
245	7150	3.6015
246	4809	3.001
247	1915	2.8005
248	1660	1.8024999999999998
249	11338	1.6019999999999999
250	7307	1.4015
251	728937	1.201
252	22907	0.40149999999999997
253	5250	0.302
254	5245	0.20099999999999998
255	9794	0.1
256	84441	0.0995
257	4854	0.099
258	6364	0.0985
259	55534	0.0985
260	3665	0.098
261	4851	0.098
262	3439	0.0975
263	1444	0.0975
264	3456	0.097
265	4853	0.097
266	3448	0.0965
267	3714	0.0965
268	353376	0.096
269	54567	0.096
270	28514	0.0955
271	55504	0.0955
272	10683	0.095
273	4242	0.0945
274	608	0.094
275	182	0.094
276	23509	0.0935
277	3955	0.093
278	5663	0.0925
279	4591	0.0925
280	5664	0.092
281	320	0.0915
282	839	0.0905
283	7188	0.09
284	10913	0.0895
285	60401	0.086
286	842	0.0765
287	598	0.076
288	834	0.0745
289	10392	0.074
290	22861	0.073
291	837	0.0725
292	64127	0.072
293	317	0.0715
294	23581	0.071
295	58484	0.0705
296	4055	0.06999999999999999
297	56616	0.06949999999999999
298	8740	0.06899999999999999
299	79444	0.0685
300	27429	0.068
301	4925	0.0675
302	9994	0.067
303	596	0.0665
304	1832	0.034
305	2289	0.0335
306	257397	0.033
307	8239	0.032
308	9919	0.0315
309	55294	0.031
310	2081	0.03
311	9043	0.0295
312	5537	0.0195
313	23243	0.0185
314	54882	0.017499999999999998
315	7431	0.015
316	4637	0.014499999999999999
317	2597	0.014000000000000002
318	4627	0.013500000000000002
319	7416	0.013000000000000001
320	7534	0.0125
321	498	0.012
322	920	0.01
323	1933	0.0095
324	3329	0.009
325	302	0.008
326	7419	0.007000000000000001
327	8664	0.006500000000000001
328	10202	0.006
329	7417	0.0055
330	10480	0.005
331	10056	0.0045
332	2023	0.004
333	27335	0.003
334	8668	0.0025
335	8344	0.002
336	3184	0.0015
337	309	0.001
338	3837	0.0005
339	11331	0.0005
