rank	node	rank_score
1	7186	175.8
2	7189	169.099
3	8737	168.6895
4	9020	160.391
5	113457	160.073
6	10010	156.7715
7	10758	154.9865
8	29110	154.97899999999998
9	389114	154.4955
10	7278	152.0725
11	148022	150.7875
12	3305	149.86849999999998
13	7187	148.1915
14	3551	148.1625
15	3303	147.577
16	7188	147.4975
17	7133	147.07049999999998
18	6885	146.272
19	8517	145.6695
20	10382	143.268
21	23118	142.8675
22	3312	140.7795
23	8717	139.7735
24	1326	139.66649999999998
25	8784	139.07750000000001
26	1147	138.1605
27	8767	137.482
28	7132	137.4645
29	3313	136.95999999999998
30	55504	136.69850000000002
31	3320	134.961
32	4794	134.75799999999998
33	3301	134.16199999999998
34	4792	133.1585
35	71	132.753
36	388407	132.495
37	10913	132.397
38	4791	132.359
39	4790	132.2595
40	9532	132.0555
41	203068	131.951
42	120329	131.2935
43	4591	130.098
44	5970	129.152
45	790	128.945
46	11035	128.7655
47	4793	126.75699999999999
48	92609	126.05499999999999
49	5971	125.45450000000001
50	808	123.564
51	805	123.2515
52	1213	123.24650000000001
53	10454	122.46700000000001
54	801	121.45750000000001
55	9641	120.946
56	5966	119.85349999999998
57	4215	118.75
58	4214	117.54850000000002
59	7314	117.4635
60	3326	114.5565
61	3310	113.25399999999999
62	347733	113.056
63	64343	111.423
64	220717	111.349
65	708	111.138
66	26133	110.319
67	51330	107.19000000000001
68	4055	104.49249999999999
69	7311	102.444
70	8744	102.1825
71	1917	101.647
72	11140	100.437
73	2734	100.2475
74	409	100.14200000000001
75	7316	96.9745
76	6233	96.748
77	4646	94.24549999999999
78	8607	92.843
79	10128	92.4375
80	113802	91.7945
81	6156	91.441
82	939	90.188
83	6207	88.9435
84	3604	87.8835
85	7293	87.486
86	8792	86.192
87	1654	84.9495
88	5134	84.73299999999999
89	150684	83.5335
90	8454	83.5325
91	330	83.4845
92	841	83.376
93	249	81.7765
94	9462	80.829
95	6128	77.54249999999999
96	6232	77.436
97	408	77.3275
98	4628	75.1385
99	10906	74.687
100	2289	73.8345
101	7763	72.774
102	958	72.6855
103	10856	72.0175
104	943	71.48150000000001
105	51567	70.98400000000001
106	9349	69.6105
107	7292	68.583
108	7415	68.5355
109	10788	67.13199999999999
110	8837	67.08
111	23291	66.9315
112	6205	65.9225
113	6188	64.01
114	6202	63.92100000000001
115	9794	60.1
116	5591	59.8505
117	4869	58.6145
118	292	57.640499999999996
119	6204	57.6115
120	25885	56.7245
121	4528	55.1265
122	128178	54.8965
123	6191	54.015499999999996
124	4804	53.996
125	257397	53.650999999999996
126	6141	53.6135
127	4637	53.217000000000006
128	6223	52.807500000000005
129	51082	52.626
130	84172	52.528499999999994
131	5437	52.33050000000001
132	608	52.071000000000005
133	10849	51.827
134	64425	51.8255
135	27018	51.794000000000004
136	6500	50.831
137	9919	50.5395
138	4627	50.518
139	6189	50.5065
140	64943	50.475
141	6222	50.304
142	10771	50.289
143	6135	47.8095
144	8915	47.57
145	2091	47.513999999999996
146	6129	46.5045
147	6229	44.303
148	3838	43.423500000000004
149	6130	43.011
150	85366	42.956
151	5441	42.625
152	7846	42.622
153	329	42.181
154	6217	41.935
155	6206	41.431
156	6208	40.715999999999994
157	51324	39.7995
158	3921	39.413
159	6146	38.705
160	10985	38.4195
161	23495	38.293
162	4904	37.507
163	498	36.348
164	6203	36.3085
165	57506	36.1555
166	84935	35.290499999999994
167	6421	34.934000000000005
168	56616	34.4805
169	4691	34.409000000000006
170	6224	31.401
171	10892	31.363
172	2058	30.112000000000002
173	4163	29.416499999999996
174	3654	28.9615
175	7534	28.750999999999998
176	7431	27.4195
177	6176	27.123
178	6181	26.803499999999996
179	1933	26.434000000000005
180	3329	26.1235
181	8740	25.677999999999997
182	293	24.3385
183	6169	24.1245
184	7532	23.657999999999998
185	6201	23.621000000000002
186	6175	23.3205
187	5521	22.552500000000002
188	9043	21.5475
189	10627	21.2125
190	6132	21.008
191	6218	21.0025
192	2969	20.14
193	1540	20.048000000000002
194	149465	19.9975
195	2197	19.6065
196	51154	19.599
197	10480	19.329500000000003
198	1418	19.2985
199	84617	18.747
200	9755	18.19
201	6161	18.006
202	79155	17.541
203	6122	16.6005
204	6193	16.506
205	11105	16.188499999999998
206	6137	15.801999999999998
207	25873	15.605
208	6124	15.338999999999999
209	5955	14.831999999999999
210	51397	14.5465
211	8664	14.428
212	10202	14.3315
213	8668	13.517000000000001
214	6160	13.509
215	7416	13.422
216	6133	13.4115
217	6165	13.209999999999999
218	6171	13.2075
219	920	12.936000000000002
220	3184	12.227
221	3014	12.1415
222	6210	12.005500000000001
223	2597	11.925999999999998
224	3308	11.5445
225	4736	11.4095
226	8239	11.339
227	54939	10.9215
228	10056	10.824000000000002
229	140032	10.816500000000001
230	6155	10.8015
231	54769	10.750499999999999
232	6170	10.615
233	302	10.3265
234	9045	10.300999999999998
235	6749	10.2155
236	6192	10.212
237	7417	10.125
238	4673	9.9005
239	3837	9.514500000000002
240	2023	9.437000000000001
241	401152	8.939499999999999
242	7419	8.7245
243	3187	8.716
244	497661	8.714
245	3178	8.2175
246	309	8.0215
247	6167	7.9079999999999995
248	6134	7.615
249	55294	7.523999999999999
250	2885	7.4435
251	8344	7.4275
252	27335	7.3185
253	6209	7.3065
254	6235	7.305
255	2081	7.1375
256	6227	7.106
257	6125	7.003
258	60	6.915000000000001
259	6173	6.705500000000001
260	3842	6.528999999999999
261	6138	6.3025
262	6164	6.1045
263	6228	6.002000000000001
264	3192	5.702
265	3646	5.614
266	11224	5.5185
267	301	5.3165
268	6231	5.304
269	8662	5.12
270	331	4.866
271	8663	4.619
272	6152	4.611
273	6143	4.5165
274	1655	4.5085
275	6230	4.503
276	3839	4.3185
277	6187	4.2155000000000005
278	6157	4.1055
279	6234	4.1015
280	6194	4.0145
281	2771	3.7125
282	1974	3.213
283	4311	3.0105
284	5245	3.0095
285	6168	3.0004999999999997
286	10399	2.918
287	6136	2.8114999999999997
288	5901	2.1100000000000003
289	55681	1.5145
290	3181	1.509
291	3932	1.308
292	1938	1.301
293	8342	1.0105
294	6147	0.6134999999999999
295	6144	0.5095
296	6159	0.41
297	23521	0.313
298	6158	0.11200000000000002
299	3661	0.098
300	3665	0.0975
301	2033	0.097
302	3448	0.0965
303	59269	0.0955
304	84441	0.0955
305	3439	0.0945
306	9935	0.0935
307	3456	0.0925
308	1387	0.092
309	6364	0.087
310	9618	0.08499999999999999
311	27429	0.08349999999999999
312	4217	0.08199999999999999
313	11138	0.0785
314	8772	0.0775
315	23041	0.0765
316	10392	0.0755
317	79642	0.0755
318	3502	0.0745
319	8795	0.0725
320	246330	0.06899999999999999
321	6900	0.068
322	94015	0.065
323	83481	0.063
324	3376	0.0625
325	4642	0.05550000000000001
326	3959	0.053500000000000006
327	29099	0.052500000000000005
328	23344	0.045
329	5475	0.0445
330	170622	0.044
331	87178	0.041999999999999996
332	9131	0.041499999999999995
333	51474	0.0405
334	55131	0.039
335	2316	0.038
336	51065	0.037
337	55664	0.0365
338	5709	0.033
339	5537	0.031
340	7124	0.03
341	9093	0.0295
342	55336	0.028000000000000004
343	7873	0.027500000000000004
344	6154	0.0215
345	7874	0.020499999999999997
346	5250	0.020499999999999997
347	4738	0.02
348	5708	0.015
349	6142	0.010499999999999999
350	9188	0.0085
351	10969	0.007000000000000001
352	3007	0.007000000000000001
353	7284	0.006
354	8971	0.0055
355	72	0.0045
356	11137	0.004
357	6727	0.0035000000000000005
358	6949	0.003
359	9221	0.0025
360	51602	0.002
361	51631	0.0015
362	81027	0.001
363	55299	0.0005
