rank	node	rank_score
1	51295	160.0
2	351	154.3
3	11140	151.551
4	140545	141.199
5	2639	138.79850000000002
6	54536	135.697
7	24138	135.09449999999998
8	22983	133.3965
9	7001	133.3935
10	2	131.69549999999998
11	84171	130.796
12	84106	130.6975
13	9361	129.895
14	1995	129.0925
15	3437	128.994
16	5886	126.893
17	1558	124.4905
18	51013	124.19149999999999
19	4137	123.59850000000002
20	4846	123.39200000000001
21	642	122.49000000000001
22	3337	122.39099999999999
23	6468	121.5895
24	841	121.39949999999999
25	839	120.299
26	10724	119.58899999999998
27	836	118.79749999999999
28	54850	118.28800000000001
29	834	118.19800000000001
30	837	114.497
31	843	114.39650000000002
32	8837	113.99449999999999
33	840	113.29549999999999
34	23581	112.796
35	4925	111.795
36	835	111.79400000000001
37	1020	110.9885
38	10392	110.7935
39	331	109.99300000000001
40	842	109.0925
41	7372	108.0815
42	22861	107.29099999999998
43	1832	106.39200000000001
44	598	106.19149999999999
45	317	105.9905
46	57559	105.4875
47	64127	105.09
48	637	103.7895
49	10134	102.089
50	596	100.0885
51	10017	98.788
52	1559	96.487
53	58484	89.2865
54	207	89.2735
55	1639	88.5745
56	29108	86.786
57	6722	86.2855
58	8767	84.3875
59	330	84.087
60	581	82.7695
61	208	82.37049999999999
62	572	79.5685
63	10000	79.46900000000001
64	339175	78.799
65	4170	78.76700000000001
66	10018	78.2665
67	578	78.26599999999999
68	597	76.8655
69	55798	76.4995
70	8739	76.265
71	3320	75.46549999999999
72	599	75.36449999999999
73	27113	75.364
74	27250	74.86749999999999
75	7416	74.732
76	7316	74.482
77	5366	74.4635
78	5894	73.768
79	638	73.763
80	90427	73.2625
81	57099	68.685
82	7132	67.28299999999999
83	3303	66.3715
84	329	66.284
85	3064	64.162
86	8915	63.0825
87	3312	62.867000000000004
88	8737	62.581500000000005
89	8717	61.181
90	10273	60.556999999999995
91	8772	58.980500000000006
92	7186	58.7745
93	1562	58.684000000000005
94	5599	58.675
95	7185	58.383500000000005
96	8795	56.48
97	8996	56.1785
98	355	55.779500000000006
99	3654	54.947
100	9020	54.173
101	7314	53.9645
102	22976	52.186
103	23118	51.96849999999999
104	6885	51.66949999999999
105	203068	51.26649999999999
106	2081	50.116
107	1326	49.771
108	113457	49.572500000000005
109	1147	49.06
110	3551	48.866
111	5590	48.461
112	7189	47.669
113	10382	47.2705
114	3305	47.174
115	7278	46.972
116	10454	46.4675
117	8517	45.665
118	11035	45.07
119	3301	44.868
120	6622	44.5535
121	7431	44.035000000000004
122	3326	43.65
123	4478	43.477999999999994
124	7430	43.4765
125	3309	43.161500000000004
126	396	43.077
127	29110	42.463
128	356	42.2755
129	387	42.176
130	10010	42.1625
131	9891	41.949
132	4215	41.4535
133	673	41.314499999999995
134	3313	41.262
135	838	40.7845
136	8797	39.779
137	51103	39.6985
138	4217	39.6125
139	4793	38.758500000000005
140	9545	38.661500000000004
141	805	38.2605
142	4790	37.6595
143	4791	37.463499999999996
144	71	37.4565
145	4792	37.0575
146	27429	36.359500000000004
147	7187	35.8735
148	4794	35.359
149	5971	35.358
150	92609	35.356
151	790	34.864
152	6714	34.840999999999994
153	801	34.4555
154	5970	34.255
155	4214	34.052499999999995
156	808	33.957
157	2597	33.333
158	5966	31.454500000000003
159	5591	31.444499999999998
160	1213	30.253999999999998
161	9532	30.252999999999997
162	7133	29.761000000000003
163	5925	29.378499999999995
164	3310	28.451999999999998
165	347733	28.051499999999997
166	9641	27.8505
167	6233	25.849
168	708	25.5465
169	220717	24.7495
170	7311	24.5485
171	7534	24.0415
172	150684	23.747999999999998
173	4646	22.2475
174	367	21.958499999999997
175	8239	21.9405
176	5604	21.812
177	409	21.544999999999998
178	4628	21.144
179	3308	21.038999999999998
180	7529	20.3155
181	4722	19.698
182	4694	19.5975
183	374291	19.496000000000002
184	4712	19.395500000000002
185	4725	19.294999999999998
186	54539	19.1965
187	4704	19.0945
188	4700	18.994
189	4717	18.8935
190	4696	18.793
191	126328	18.692500000000003
192	4724	18.592
193	55967	18.4915
194	408	18.4455
195	4731	18.391
196	4718	18.2905
197	4713	18.19
198	4711	18.0895
199	4708	17.988999999999997
200	573	17.958
201	4706	17.8885
202	4702	17.788
203	4695	17.6875
204	4541	17.587
205	4539	17.4865
206	4723	17.386000000000003
207	4710	17.2855
208	4709	17.185
209	4707	17.0845
210	4705	16.984
211	4729	16.8835
212	4728	16.783
213	4714	16.682499999999997
214	5134	16.646
215	4701	16.582
216	51079	16.4815
217	4726	16.381
218	4716	16.2805
219	4698	16.18
220	4720	16.0795
221	4719	15.979
222	2110	15.878499999999999
223	4715	15.778
224	10975	15.6775
225	4519	15.577000000000002
226	1537	15.476499999999998
227	29796	15.376
228	4627	15.341
229	4697	15.275
230	7386	15.1755
231	7531	15.111500000000001
232	7381	15.0745
233	27089	14.974
234	7388	14.873500000000002
235	7385	14.773
236	7384	14.6725
237	4538	14.572
238	4537	14.4715
239	4513	14.397
240	4540	14.271
241	7991	14.1705
242	4514	14.069999999999999
243	1327	13.9695
244	7415	13.939499999999999
245	9377	13.869
246	124637	13.7685
247	6821	13.668000000000001
248	4512	13.5675
249	1350	13.466999999999999
250	1347	13.366499999999998
251	1346	13.266
252	1339	13.1655
253	170712	13.065000000000001
254	1351	12.964500000000001
255	4193	12.901
256	1349	12.863999999999999
257	1340	12.7635
258	1337	12.663
259	125965	12.5625
260	84701	12.462
261	9167	12.361
262	6649	12.2615
263	79444	12.1645
264	1345	12.16
265	6647	12.060500000000001
266	56616	12.058499999999999
267	341947	11.9595
268	332	11.956
269	6648	11.859
270	1329	11.7585
271	51497	11.658
272	83464	11.4015
273	2932	11.156
274	2734	11.1435
275	5594	10.8565
276	11076	10.454
277	2861	10.4075
278	4055	10.147
279	10758	10.138499999999999
280	6667	10.006
281	7188	9.7455
282	7157	9.2105
283	80724	9.155
284	35	9.0545
285	28976	8.954
286	84129	8.8535
287	36	8.753
288	847	8.6515
289	10128	8.633500000000002
290	2099	8.607
291	34	8.5525
292	2877	8.452
293	9919	8.440000000000001
294	30	8.351
295	8607	8.343
296	60	8.334
297	1457	8.259
298	51	8.250499999999999
299	2878	8.15
300	1654	8.136
301	2879	8.049
302	4637	8.0345
303	3295	7.9495000000000005
304	27034	7.8485
305	2876	7.748
306	1962	7.647499999999999
307	257202	7.547
308	10935	7.4465
309	8309	7.345999999999999
310	5052	7.2455
311	549	7.1450000000000005
312	1891	7.044499999999999
313	55268	6.944
314	6207	6.9355
315	3032	6.842499999999999
316	1892	6.7435
317	3030	6.643000000000001
318	498	6.6325
319	2936	6.541500000000001
320	116285	6.442
321	3324	6.409000000000001
322	84264	6.340999999999999
323	3029	6.2405
324	2181	6.14
325	3028	6.0385
326	3033	5.939500000000001
327	3158	5.839
328	3329	5.8315
329	3157	5.738
330	38	5.6375
331	5019	5.537
332	39	5.4365000000000006
333	64064	5.336
334	54511	5.2355
335	3155	5.135
336	622	5.0344999999999995
337	65985	4.934
338	1738	4.8335
339	8050	4.7225
340	302	4.625
341	23464	4.522
342	4594	4.4215
343	212	4.3205
344	4869	4.2305
345	4967	4.221
346	8803	4.12
347	8802	4.0195
348	8801	3.9189999999999996
349	1743	3.8185000000000002
350	211	3.718
351	6156	3.6369999999999996
352	6392	3.6174999999999997
353	2316	3.5424999999999995
354	7846	3.5295
355	6391	3.5164999999999997
356	6416	3.5095
357	7417	3.4259999999999997
358	7915	3.4170000000000003
359	6389	3.316
360	1956	3.308
361	6390	3.2155
362	2271	3.0145
363	23385	2.701
364	7419	2.628
365	594	2.614
366	593	2.5135
367	587	2.413
368	1629	2.3120000000000003
369	10202	2.2265
370	586	2.2125
371	6204	2.131
372	3712	2.1115
373	2023	2.0255
374	51107	2.0004999999999997
375	10892	1.7420000000000002
376	3184	1.7289999999999999
377	9131	1.5379999999999998
378	1933	1.5275
379	10480	1.427
380	64087	1.111
381	10053	1.085
382	309	1.0215
383	56922	1.01
384	4741	0.8695
385	10056	0.8240000000000001
386	23600	0.8240000000000001
387	4744	0.755
388	8664	0.7235
389	3875	0.7055
390	3187	0.6285000000000001
391	8344	0.623
392	10399	0.615
393	7087	0.6094999999999999
394	27335	0.5245
395	301	0.5205
396	2739	0.506
397	3842	0.422
398	3106	0.409
399	3813	0.3085
400	54205	0.2585
401	8668	0.2225
402	8662	0.12
403	1795	0.08249999999999999
404	8743	0.0775
405	3002	0.0685
406	10277	0.068
407	8682	0.059
408	3164	0.057999999999999996
409	83985	0.056999999999999995
410	1026	0.0495
411	4287	0.049
412	5595	0.0485
413	5499	0.0465
414	8740	0.046
415	8792	0.046
416	5728	0.0445
417	3725	0.0435
418	1021	0.041999999999999996
419	1459	0.041499999999999995
420	26133	0.0405
421	1019	0.0405
422	1022	0.04
423	5770	0.039
424	5058	0.0385
425	1025	0.038
426	6421	0.0375
427	3925	0.0375
428	1027	0.037
429	1917	0.0365
430	1017	0.0365
431	84152	0.036
432	983	0.034999999999999996
433	6853	0.034499999999999996
434	10485	0.034
435	4001	0.0335
436	25	0.033
437	4654	0.0325
438	91768	0.0315
439	672	0.031
440	1111	0.0305
441	4691	0.03
442	595	0.03
443	2033	0.0295
444	5934	0.028999999999999998
445	10763	0.028499999999999998
446	1460	0.028000000000000004
447	273	0.027500000000000004
448	1759	0.027000000000000003
449	4609	0.026500000000000003
450	7015	0.026000000000000002
451	6198	0.025500000000000002
452	4000	0.025
453	4067	0.024
454	3091	0.0235
455	6774	0.023
456	4194	0.022
457	5580	0.0215
458	6223	0.020999999999999998
459	3667	0.020999999999999998
460	8663	0.0195
461	4088	0.0195
462	3837	0.019
463	2308	0.019
464	920	0.0185
465	5601	0.0185
466	3646	0.018
467	1432	0.018
468	4311	0.017499999999999998
469	7249	0.017499999999999998
470	6146	0.017
471	1051	0.017
472	6229	0.0165
473	3921	0.016
474	993	0.016
475	1974	0.0155
476	2908	0.0155
477	3297	0.015
478	2771	0.014499999999999999
479	9261	0.014499999999999999
480	6206	0.014000000000000002
481	994	0.014000000000000002
482	3932	0.013500000000000002
483	6202	0.013000000000000001
484	995	0.013000000000000001
485	6176	0.0125
486	9252	0.0125
487	6222	0.012
488	2002	0.012
489	6749	0.0115
490	5901	0.011
491	1387	0.011
492	3181	0.010499999999999999
493	5600	0.010499999999999999
494	6203	0.01
495	6195	0.01
496	6189	0.0095
497	1386	0.0095
498	55851	0.0095
499	6141	0.009
500	5371	0.009
501	10972	0.009
502	6191	0.0085
503	2353	0.0085
504	322	0.0085
505	6130	0.008
506	6196	0.008
507	10959	0.008
508	4904	0.0075
509	5610	0.0075
510	5581	0.0075
511	84898	0.0075
512	6175	0.007000000000000001
513	9043	0.007000000000000001
514	1385	0.007000000000000001
515	22883	0.007000000000000001
516	3178	0.006500000000000001
517	2289	0.006500000000000001
518	5602	0.006500000000000001
519	321	0.006500000000000001
520	6129	0.006
521	6197	0.006
522	1655	0.0055
523	6794	0.0055
524	6135	0.005
525	142	0.005
526	2113	0.005
527	5245	0.0045
528	7182	0.0045
529	5598	0.0045
530	55361	0.0045
531	6201	0.004
532	6709	0.004
533	5578	0.004
534	6128	0.0035000000000000005
535	5564	0.0035000000000000005
536	6205	0.003
537	3856	0.003
538	6812	0.003
539	6232	0.0025
540	5597	0.0025
541	320	0.0025
542	6217	0.002
543	3304	0.002
544	156	0.002
545	9973	0.002
546	9349	0.0015
547	5596	0.0015
548	6181	0.001
549	5566	0.001
550	2091	0.0005
551	891	0.0005
552	203547	0.0005
