rank	node	rank_score
1	2335	178.999
2	7045	176.498
3	11226	175.6935
4	118429	175.59949999999998
5	3026	174.29850000000002
6	1286	173.59650000000002
7	4147	173.297
8	651	173.1
9	1288	170.893
10	1285	170.796
11	5270	169.4955
12	1287	167.5915
13	5008	167.3945
14	6288	167.0975
15	5653	166.0925
16	2199	165.392
17	4318	163.49099999999999
18	22918	163.4895
19	1294	161.495
20	1634	160.9885
21	1278	159.988
22	1277	158.8865
23	7057	156.5875
24	351	154.98499999999999
25	5549	153.68400000000003
26	4811	151.28699999999998
27	284217	150.29000000000002
28	3690	149.586
29	1280	149.483
30	164656	148.8855
31	7040	147.382
32	1690	146.9815
33	633	146.981
34	6678	146.8805
35	3339	145.9835
36	22795	145.776
37	4313	145.67950000000002
38	3685	144.9785
39	1305	142.577
40	3918	142.1905
41	3688	140.678
42	27123	136.49949999999998
43	2192	136.268
44	948	136.07750000000001
45	2006	134.86599999999999
46	4856	132.6695
47	22801	131.9735
48	3678	130.474
49	80781	130.373
50	1490	129.3675
51	2200	127.5655
52	27329	127.36399999999999
53	4237	126.36449999999999
54	3673	126.275
55	1293	125.6745
56	1101	125.1685
57	7058	124.96100000000001
58	83941	124.87
59	7052	123.7725
60	5155	122.47049999999999
61	2201	120.1635
62	4099	117.867
63	4052	117.2625
64	3674	117.172
65	3672	116.87150000000001
66	5858	114.876
67	649	113.58250000000001
68	961	113.271
69	8076	111.8615
70	1289	111.27550000000001
71	3914	110.8845
72	64856	108.8595
73	928	108.06649999999999
74	6667	106.57649999999998
75	1299	103.66300000000001
76	1462	102.55699999999999
77	3290	97.3535
78	550	94.4585
79	3676	93.85799999999999
80	2923	92.155
81	3675	92.056
82	116844	91.0885
83	1956	89.65450000000001
84	960	89.44800000000001
85	5029	87.0495
86	3386	86.76
87	6714	86.45
88	1297	85.059
89	2515	81.8575
90	3693	78.849
91	1311	76.9565
92	811	76.048
93	2812	74.562
94	5747	72.9435
95	7373	72.8445
96	8840	72.17999999999999
97	10085	71.865
98	5154	71.069
99	7422	70.4555
100	2243	70.0525
101	3371	68.4525
102	4035	65.33099999999999
103	2534	65.146
104	3915	64.1505
105	2244	63.963499999999996
106	3655	63.74549999999999
107	6696	61.947500000000005
108	25981	60.6605
109	285761	60.351
110	56951	57.739
111	4146	57.659000000000006
112	6464	55.33299999999999
113	7094	55.1485
114	2316	53.241499999999995
115	3491	52.94500000000001
116	3694	52.326
117	5829	51.847
118	5310	49.4465
119	2064	49.337
120	963	49.0235
121	5578	48.6325
122	3732	48.224000000000004
123	712	47.289
124	1404	46.4405
125	5354	45.337
126	1398	45.32899999999999
127	5335	44.534000000000006
128	2185	43.939499999999995
129	1839	43.338499999999996
130	51454	43.1035
131	4316	42.845
132	90070	41.579
133	4179	40.705
134	5156	39.0185
135	1291	38.4585
136	7106	38.339
137	5159	38.332
138	54014	38.1985
139	821	37.440999999999995
140	967	37.219
141	977	37.111000000000004
142	81491	37.102999999999994
143	5327	36.5465
144	3691	36.4365
145	5175	36.3255
146	7070	36.221500000000006
147	5340	36.146
148	5295	36.133500000000005
149	1796	34.928
150	2885	34.3405
151	176	34.034000000000006
152	5781	32.4285
153	3791	32.320499999999996
154	6850	32.2375
155	5738	32.1085
156	975	31.9055
157	2811	31.554000000000002
158	5921	30.925
159	867	30.8305
160	7059	29.74
161	3912	29.2305
162	4070	28.121
163	2324	27.8225
164	1399	27.4315
165	11184	27.036
166	64714	25.529
167	1445	24.7195
168	8754	24.4375
169	9564	24.244
170	2934	24.143
171	3815	24.024
172	2066	23.7275
173	23624	23.4215
174	4067	22.7385
175	3932	22.6135
176	4690	22.2235
177	3827	22.153
178	2321	21.627000000000002
179	8785	21.556
180	6401	21.34
181	25	21.3345
182	3695	21.306
183	2208	21.1135
184	2065	20.9215
185	3911	20.843
186	10451	19.4075
187	8190	19.387
188	3643	19.1095
189	325	18.894
190	5777	18.618000000000002
191	56955	18.521
192	57410	18.3905
193	2889	18.3265
194	7448	18.252
195	7042	17.8545
196	6654	16.919
197	7450	16.547
198	27	16.523000000000003
199	2147	16.451999999999998
200	2317	16.1185
201	2137	15.817000000000002
202	9846	15.330000000000002
203	613	15.122
204	445815	15.02
205	55824	15.016
206	3913	14.735
207	5566	14.421000000000001
208	3717	14.126
209	56899	14.0095
210	3480	14.004500000000002
211	5118	13.852
212	58512	13.8225
213	2057	13.617500000000001
214	5336	13.4115
215	7525	13.3245
216	7076	13.122
217	3696	12.851499999999998
218	4314	12.735499999999998
219	3486	12.644499999999999
220	55715	12.505500000000001
221	2252	12.158
222	1281	11.9515
223	8174	11.746500000000001
224	3273	11.440999999999999
225	4148	11.355500000000001
226	8516	10.9475
227	6776	10.8165
228	7409	10.615
229	7535	10.508
230	3959	10.357
231	6777	10.0125
232	2331	9.912
233	2549	9.8105
234	27240	9.004999999999999
235	4312	8.633
236	6655	8.612
237	3055	8.4155
238	80831	8.2295
239	5104	7.9435
240	4145	7.912999999999999
241	868	7.708500000000001
242	10603	7.702500000000001
243	50807	7.702000000000001
244	5058	7.641
245	3937	7.511
246	5782	7.51
247	2266	7.340000000000001
248	10006	7.305
249	4982	7.229000000000001
250	2160	7.132
251	29760	7.117
252	7462	7.009
253	4921	6.9430000000000005
254	3680	6.9384999999999994
255	10863	6.933
256	6452	6.906499999999999
257	5328	6.836499999999999
258	5345	6.737
259	5054	6.536
260	6414	6.533499999999999
261	10278	6.532500000000001
262	1991	6.4315
263	9784	6.4245
264	10019	6.3045
265	3488	6.1455
266	3112	6.036
267	3684	6.0280000000000005
268	5580	6.0185
269	1439	6.0145
270	5329	5.7284999999999995
271	89777	5.6225000000000005
272	857	5.42
273	63827	5.3305
274	1139	5.3125
275	6936	5.309
276	4319	4.925
277	1511	4.827
278	930	4.706
279	10818	4.704
280	58480	4.638
281	7035	4.618
282	128853	4.516
283	5788	4.1034999999999995
284	2162	3.938
285	83747	3.5100000000000002
286	27040	3.307
287	3716	3.2005000000000003
288	4914	2.6055
289	3689	2.4165
290	56995	2.202
291	2149	2.1195
292	5770	2.1055
293	56271	2.037
294	5795	1.9004999999999999
295	7410	1.81
296	7287	1.5154999999999998
297	9749	1.5035
298	6461	1.4195
299	3702	1.401
300	57190	1.3279999999999998
301	57007	1.2195
302	4321	1.0175
303	2887	1.0059999999999998
304	6774	1.003
305	1436	0.9029999999999999
306	3635	0.7015
307	2213	0.52
308	3560	0.304
309	4582	0.303
310	85358	0.11200000000000002
311	4087	0.0985
312	26286	0.0975
313	158931	0.093
314	23325	0.09
315	6289	0.08549999999999999
316	8515	0.065
317	4326	0.054000000000000006
318	7130	0.0495
319	5274	0.0485
320	1361	0.044
321	7414	0.042499999999999996
322	462	0.042499999999999996
323	836	0.041999999999999996
324	4224	0.0385
325	8751	0.0355
326	23211	0.034
327	2206	0.033
328	5287	0.031
329	4054	0.03
330	2	0.0295
331	354	0.028999999999999998
332	6451	0.028999999999999998
333	9743	0.028499999999999998
334	4653	0.028000000000000004
335	53353	0.027500000000000004
336	81875	0.026000000000000002
337	4323	0.0245
338	64866	0.024
339	3105	0.0235
340	3817	0.0235
341	7079	0.023
342	1793	0.023
343	931	0.023
344	9103	0.020999999999999998
345	7043	0.020499999999999997
346	7424	0.020499999999999997
347	3679	0.02
348	2277	0.0195
349	4739	0.014000000000000002
350	9047	0.012
351	7177	0.0115
352	5979	0.0115
353	7006	0.009
354	12	0.0085
355	5800	0.008
356	558	0.006
357	695	0.006
358	3667	0.005
359	9021	0.0045
360	5594	0.004
361	660	0.0035000000000000005
362	2152	0.0025
363	2690	0.0025
364	6695	0.0015
365	29998	0.0005
366	10750	0.0005
367	6772	0.0005
