rank	node	rank_score
1	815	178.0
2	5071	177.999
3	1020	175.59949999999998
4	5414	175.196
5	351	174.998
6	6620	170.49099999999999
7	84570	169.7905
8	841	156.7925
9	7314	152.793
10	286151	146.7825
11	728294	124.44650000000001
12	7157	115.67699999999999
13	11076	113.09850000000002
14	4744	112.69650000000001
15	6812	112.69449999999999
16	5594	112.197
17	7316	111.9155
18	4741	109.49549999999999
19	7534	105.28400000000002
20	1027	104.4875
21	3320	100.8015
22	6697	96.091
23	55089	95.898
24	2932	86.7975
25	3725	86.69500000000001
26	4776	79.8815
27	3312	79.872
28	5604	79.437
29	5970	77.4315
30	83941	77.396
31	1026	75.887
32	7431	75.53
33	8941	75.1885
34	56957	74.8845
35	1457	72.475
36	5595	72.1865
37	5925	69.78999999999999
38	367	68.786
39	3303	68.1695
40	3925	67.9735
41	1956	67.8225
42	983	67.75
43	286343	67.2915
44	7529	67.18199999999999
45	2099	66.7795
46	25946	66.58500000000001
47	5599	66.58
48	7249	65.433
49	329	64.392
50	1021	62.9755
51	1019	62.8685
52	6233	61.481500000000004
53	1263	60.775999999999996
54	5127	60.738
55	4215	60.051
56	207	59.9255
57	6714	59.649
58	5780	59.599000000000004
59	203068	58.2505
60	894	57.984
61	1022	57.741
62	7311	56.9765
63	1432	56.383500000000005
64	6885	55.7635
65	9700	55.188
66	3297	55.0655
67	595	54.947
68	1017	54.94200000000001
69	672	54.939
70	8682	54.492
71	6197	54.189499999999995
72	10763	53.56700000000001
73	26256	53.19349999999999
74	4790	53.101
75	1051	52.789
76	2033	52.354
77	3551	51.952999999999996
78	8851	51.88099999999999
79	1387	51.465999999999994
80	1452	51.277499999999996
81	4088	50.8405
82	8717	50.077
83	1025	50.036500000000004
84	10485	50.0235
85	7132	49.783
86	1499	49.3425
87	8737	49.175
88	208	48.9105
89	84152	48.7395
90	5566	48.4565
91	3326	48.4365
92	896	48.436
93	7186	47.963
94	11035	47.564499999999995
95	4214	47.0535
96	156	46.957
97	1459	46.9495
98	23118	46.86
99	6196	46.6745
100	152137	46.474000000000004
101	5601	46.472
102	1050	45.8845
103	5770	45.820499999999996
104	4654	45.7385
105	4609	45.4345
106	2308	45.222
107	3301	45.1605
108	10273	45.05
109	5934	44.735
110	10987	44.708000000000006
111	3309	44.166
112	3305	44.162
113	25	43.827
114	6667	43.5295
115	113457	43.2515
116	2931	42.7325
117	6195	42.674
118	572	42.60850000000001
119	408	42.532
120	8517	42.448
121	9261	42.3645
122	10454	41.9555
123	7189	41.854
124	1147	41.5465
125	10382	41.347500000000004
126	6853	40.522000000000006
127	9252	40.378
128	790	40.273
129	8767	40.258500000000005
130	2353	40.1715
131	7278	40.145500000000006
132	9020	39.9525
133	409	39.8485
134	2113	39.7675
135	1843	39.461
136	5058	39.037
137	7133	38.649
138	29110	38.641
139	805	38.455
140	60	38.417
141	1386	38.17
142	995	38.144
143	4792	37.944
144	7185	37.876
145	3313	37.847
146	2908	37.678999999999995
147	993	37.511
148	861	37.2475
149	6774	37.1185
150	2002	37.0505
151	4747	36.694
152	5663	36.5415
153	4791	36.3425
154	4193	36.3035
155	891	36.169
156	4793	36.1395
157	71	36.042
158	1326	35.946
159	1385	35.755
160	801	35.7445
161	4794	35.543
162	8615	35.4885
163	9532	35.339
164	4646	35.035000000000004
165	808	34.9385
166	5602	34.76649999999999
167	92609	34.3435
168	2861	33.9615
169	5971	33.9375
170	245711	33.480000000000004
171	2597	33.333
172	10010	33.040499999999994
173	5966	33.034000000000006
174	4089	33.024
175	2114	32.951499999999996
176	1213	32.936
177	330	32.693
178	5600	32.573
179	2081	32.261
180	3310	32.2415
181	3308	32.0255
182	1111	32.013
183	1045	31.7245
184	4087	31.031
185	9641	30.738
186	23429	30.6685
187	3065	30.5195
188	8202	30.2275
189	6300	30.170500000000004
190	5597	30.1695
191	273	30.072000000000003
192	8986	29.53
193	2903	29.1735
194	6722	29.1445
195	3667	28.945999999999998
196	673	28.913999999999998
197	842	28.5785
198	347733	28.451999999999998
199	5596	27.764
200	5894	27.724
201	1759	27.57
202	596	27.552
203	4194	27.178999999999995
204	3832	26.915
205	1852	26.857499999999998
206	10128	26.6205
207	91768	26.5785
208	5598	26.5605
209	4303	26.103499999999997
210	898	25.964
211	5499	25.709500000000002
212	5134	25.625999999999998
213	6241	25.476
214	6689	25.2785
215	2115	25.072499999999998
216	2764	24.976499999999998
217	2734	24.823
218	994	24.7405
219	3837	24.4165
220	1827	23.8625
221	10000	23.804000000000002
222	81928	23.7835
223	1654	23.6195
224	127933	23.5815
225	573	23.4775
226	5591	23.4455
227	4628	23.425
228	4627	23.2245
229	11140	23.0335
230	4208	22.8525
231	4602	22.658
232	4637	22.6225
233	5371	21.732
234	4904	21.726499999999998
235	6207	21.6315
236	10499	21.3355
237	220717	21.2345
238	23054	21.145
239	498	20.9175
240	5300	20.8345
241	6597	20.8285
242	5590	20.556
243	7532	20.528
244	708	20.430500000000002
245	5578	20.323
246	7538	20.1595
247	6256	19.9455
248	6548	19.863
249	4638	19.8555
250	121278	19.689500000000002
251	6929	19.562
252	4869	19.516
253	85366	19.4185
254	5603	19.259999999999998
255	7846	18.6215
256	8607	18.1355
257	9919	18.1275
258	9625	17.892500000000002
259	4255	17.7595
260	7166	17.69
261	51499	17.479499999999998
262	6223	17.4115
263	51654	17.3915
264	10480	17.1145
265	7416	17.113
266	7421	17.029
267	6128	17.0285
268	4435	16.934
269	29904	16.8635
270	199746	16.682
271	8915	16.658
272	6156	16.6325
273	2309	16.622
274	8648	16.5335
275	3091	16.5075
276	5465	16.4535
277	1847	16.381999999999998
278	5132	16.3525
279	1053	16.2615
280	7763	15.973500000000001
281	5321	15.965
282	5933	15.811000000000002
283	1869	15.7135
284	602	15.628
285	10892	15.559000000000001
286	8772	15.466999999999999
287	51024	15.37
288	10202	15.3075
289	9530	15.2805
290	6204	14.7135
291	4691	14.522
292	5867	14.467500000000001
293	120329	14.4625
294	1933	14.4065
295	2316	14.3245
296	5611	14.288999999999998
297	3184	14.107999999999999
298	10056	13.705000000000002
299	4332	13.675
300	302	13.6095
301	7248	13.5565
302	6229	13.508500000000002
303	4217	13.4625
304	9149	13.385
305	3932	13.309999999999999
306	7417	13.206999999999999
307	2023	13.200999999999999
308	3654	13.154500000000002
309	3856	13.148000000000001
310	331	12.781
311	1460	12.661
312	2289	12.6235
313	7419	12.605500000000001
314	11221	12.343
315	89857	12.251000000000001
316	1018	12.1635
317	8850	12.1145
318	836	11.8905
319	11075	11.6585
320	6189	11.522499999999999
321	3329	11.321000000000002
322	27335	11.3035
323	6146	11.2155
324	8344	11.102
325	6232	11.0235
326	3977	10.859
327	8664	10.8125
328	3839	10.747
329	9612	10.727
330	6141	10.7105
331	3187	10.611
332	5757	10.557500000000001
333	6688	10.471
334	3172	10.317499999999999
335	5610	10.244499999999999
336	84617	10.144
337	292	10.123000000000001
338	466	10.02
339	8550	9.868
340	6202	9.800999999999998
341	3842	9.7015
342	3921	9.609
343	285855	9.527
344	4170	9.52
345	301	9.506
346	309	9.506
347	5451	9.4375
348	6206	9.419
349	6191	9.418000000000001
350	8668	9.4045
351	64343	9.2325
352	6222	9.2135
353	8239	9.1425
354	6749	9.1125
355	6421	9.034
356	150684	9.020999999999999
357	890	9.0105
358	6201	8.8105
359	4157	8.656
360	860	8.6365
361	8662	8.604
362	9611	8.425
363	1052	8.34
364	6500	8.331
365	5468	8.3265
366	1390	8.2165
367	7465	8.212
368	9134	8.1655
369	10856	8.1465
370	4528	8.112
371	7153	8.105500000000001
372	920	8.104
373	5580	8.0095
374	653361	7.9565
375	3838	7.615
376	6130	7.602500000000001
377	3164	7.517
378	6175	7.4125
379	9325	7.330500000000001
380	29028	7.222499999999999
381	8663	7.2035
382	10399	7.2005
383	6640	7.051
384	688	7.0015
385	3646	6.708
386	6176	6.603
387	1875	6.452
388	1655	6.400499999999999
389	8454	6.3445
390	1974	6.204
391	7015	6.11
392	1874	6.054
393	5579	5.907500000000001
394	25885	5.735
395	6203	5.618
396	2771	5.404999999999999
397	1917	5.227
398	4311	5.1034999999999995
399	7531	5.069
400	5901	4.8015
401	3181	4.701
402	6135	4.6105
403	5568	4.223999999999999
404	3178	4.202
405	6129	3.7305
406	5245	3.6025
407	6205	3.5275
408	5914	3.5215000000000005
409	9349	3.1345
410	6908	2.7039999999999997
411	3150	2.6215
412	3066	2.616
413	4000	2.205
414	6598	1.612
415	8841	1.419
416	5567	1.3445
417	5469	0.818
418	7704	0.7125
419	2623	0.6115
420	142	0.409
421	10769	0.098
422	5653	0.0975
423	6011	0.0975
424	1446	0.0965
425	5053	0.095
426	25981	0.094
427	9543	0.0935
428	2619	0.0915
429	152926	0.0915
430	3337	0.091
431	65267	0.09
432	23645	0.09
433	4925	0.089
434	8301	0.088
435	6810	0.088
436	1644	0.0875
437	51306	0.087
438	83983	0.0865
439	9818	0.08549999999999999
440	1728	0.08549999999999999
441	3897	0.08399999999999999
442	5092	0.08399999999999999
443	4155	0.08299999999999999
444	1612	0.08299999999999999
445	840	0.08249999999999999
446	6523	0.08199999999999999
447	3429	0.08199999999999999
448	317	0.08149999999999999
449	1844	0.0805
450	83596	0.0805
451	388407	0.08
452	1032	0.0795
453	26133	0.0785
454	10963	0.0785
455	79444	0.078
456	7347	0.076
457	3324	0.076
458	26130	0.0755
459	53347	0.0755
460	8797	0.075
461	7352	0.075
462	843	0.0745
463	84433	0.0745
464	55103	0.0745
465	3621	0.074
466	65124	0.074
467	4738	0.0735
468	27230	0.0735
469	9988	0.0735
470	10971	0.073
471	1846	0.0715
472	55095	0.0715
473	8916	0.071
474	8795	0.0705
475	7374	0.0705
476	26064	0.06999999999999999
477	10018	0.0685
478	3398	0.0685
479	637	0.068
480	7430	0.0675
481	6656	0.067
482	60401	0.0665
483	355	0.0655
484	387	0.065
485	7533	0.065
486	257397	0.065
487	2000	0.065
488	857	0.065
489	5923	0.0645
490	4001	0.0645
491	6543	0.063
492	28954	0.0625
493	23344	0.0625
494	23313	0.061
495	60598	0.0605
496	65061	0.0605
497	8837	0.0595
498	2810	0.058499999999999996
499	51343	0.058499999999999996
500	51305	0.057999999999999996
501	6502	0.057999999999999996
502	396	0.057499999999999996
503	4478	0.056999999999999995
504	8030	0.056999999999999995
505	356	0.056499999999999995
506	4140	0.056499999999999995
507	56672	0.05550000000000001
508	23677	0.05550000000000001
509	3304	0.05500000000000001
510	4286	0.05450000000000001
511	1033	0.05450000000000001
512	2011	0.054000000000000006
513	5801	0.053000000000000005
514	5728	0.052500000000000005
515	51474	0.052000000000000005
516	23640	0.052000000000000005
517	64837	0.0505
518	246330	0.0495
519	3777	0.049
520	5606	0.0485
521	6942	0.0485
522	51397	0.048
523	80824	0.0475
524	5605	0.0465
525	6416	0.0465
526	3586	0.046
527	4605	0.0455
528	51599	0.044
529	7343	0.044
530	8352	0.0435
531	10788	0.0435
532	3376	0.0435
533	1028	0.0435
534	23291	0.043
535	1978	0.042499999999999996
536	153443	0.041499999999999995
537	9462	0.04
538	10849	0.0395
539	84172	0.039
540	5778	0.039
541	2058	0.0385
542	2290	0.0385
543	51176	0.038
544	51082	0.0375
545	64425	0.037
546	7415	0.0365
547	221079	0.0365
548	5437	0.036
549	55664	0.036
550	5441	0.0355
551	4486	0.0355
552	7527	0.034499999999999996
553	5608	0.034
554	3959	0.034
555	55904	0.0335
556	4163	0.033
557	7468	0.0325
558	55294	0.032
559	1958	0.032
560	7027	0.032
561	283455	0.0315
562	7128	0.0305
563	440915	0.0295
564	9131	0.028999999999999998
565	10627	0.028000000000000004
566	5581	0.028000000000000004
567	10749	0.026500000000000003
568	7068	0.026000000000000002
569	133746	0.026000000000000002
570	5955	0.025500000000000002
571	2005	0.0245
572	10891	0.020999999999999998
573	26031	0.020499999999999997
574	10758	0.02
575	2547	0.0195
576	28991	0.019
577	2091	0.0185
578	54939	0.018
579	5449	0.0155
580	5241	0.0155
581	6208	0.015
582	6181	0.014499999999999999
583	7067	0.014000000000000002
584	6188	0.014000000000000002
585	6235	0.013500000000000002
586	6996	0.013000000000000001
587	6171	0.013000000000000001
588	196	0.0125
589	6193	0.0125
590	6217	0.012
591	6161	0.0115
592	140032	0.011
593	10048	0.010499999999999999
594	6133	0.010499999999999999
595	8204	0.01
596	9188	0.01
597	151568	0.0095
598	6218	0.0095
599	6599	0.009
600	2887	0.009
601	6125	0.009
602	6192	0.0085
603	2197	0.008
604	25873	0.0075
605	6605	0.007000000000000001
606	613	0.007000000000000001
607	6167	0.007000000000000001
608	2100	0.006500000000000001
609	6227	0.006500000000000001
610	51102	0.006
611	4736	0.006
612	2959	0.0055
613	6794	0.0055
614	8971	0.0055
615	163126	0.0055
616	6772	0.005
617	6122	0.005
618	7329	0.0045
619	6143	0.0045
620	6164	0.004
621	7341	0.0035000000000000005
622	6595	0.003
623	6165	0.003
624	8031	0.0025
625	6169	0.0025
626	10401	0.002
627	5981	0.002
628	6155	0.002
629	3875	0.0015
630	6138	0.0015
631	11224	0.001
632	2885	0.0005
633	5891	0.0005
634	6231	0.0005
