rank	node	rank_score
1	1601	180.1
2	7042	171.19850000000002
3	9392	167.7955
4	91	164.4915
5	90	163.09
6	2022	161.1975
7	7043	160.198
8	94	159.597
9	7049	157.196
10	7040	156.59650000000002
11	658	156.3825
12	51285	155.98
13	58533	154.89249999999998
14	93	154.692
15	4086	154.67950000000002
16	23551	153.17849999999999
17	92	152.49099999999999
18	4092	151.476
19	23682	151.378
20	3624	150.9905
21	4089	150.47750000000002
22	64750	150.0745
23	2331	149.895
24	3626	149.8895
25	4087	149.07649999999998
26	4091	148.775
27	3625	148.689
28	655	148.086
29	3547	147.6885
30	57154	147.67350000000002
31	121268	147.177
32	650	145.5865
33	117583	145.0755
34	29984	144.974
35	8878	144.673
36	3623	143.18800000000002
37	1490	142.3945
38	130399	142.2875
39	9459	141.4725
40	10220	141.387
41	657	141.1835
42	11167	141.0855
43	8200	140.283
44	659	139.984
45	5058	139.972
46	23181	138.285
47	55827	138.1715
48	10273	138.0675
49	654	137.982
50	57381	137.971
51	25884	136.88150000000002
52	10468	136.0845
53	652	135.981
54	11171	135.5665
55	83871	135.17000000000002
56	4090	134.96949999999998
57	860	134.96800000000002
58	25928	134.78050000000002
59	84085	134.6705
60	7554	134.669
61	392255	134.179
62	140901	131.267
63	864	131.0685
64	29068	129.666
65	57111	129.564
66	1855	129.46300000000002
67	28512	128.7655
68	51176	128.66500000000002
69	79674	127.3635
70	8312	126.2625
71	51588	125.2645
72	10140	122.0615
73	58473	121.862
74	114990	120.79400000000001
75	51560	120.16100000000002
76	1499	119.75900000000001
77	338567	119.49949999999998
78	55914	118.4585
79	9372	116.258
80	81788	115.6605
81	22800	114.4595
82	4054	112.6935
83	64718	111.75999999999999
84	54440	111.1575
85	55761	109.857
86	168667	104.5565
87	6498	103.34200000000001
88	7738	102.955
89	51523	102.3415
90	6497	102.24600000000001
91	2737	101.34549999999999
92	145258	100.0545
93	5218	99.556
94	54778	98.75550000000001
95	5872	97.6535
96	9241	96.0515
97	653	95.151
98	5865	94.354
99	79753	89.8505
100	10691	87.95
101	9943	83.053
102	4152	81.24
103	9306	79.7525
104	130497	79.199
105	3224	75.652
106	63976	71.95349999999999
107	3209	71.849
108	2033	69.3485
109	79987	68.85
110	861	68.8475
111	163126	68.348
112	4093	66.4495
113	28996	65.8465
114	1443	65.749
115	10401	65.441
116	1442	64.748
117	1387	64.74449999999999
118	55769	64.6485
119	5371	63.44500000000001
120	10413	62.547000000000004
121	9839	62.547000000000004
122	23592	62.446000000000005
123	5069	61.6465
124	157922	61.145
125	2290	60.239999999999995
126	367	60.1425
127	6996	59.943000000000005
128	8928	59.5395
129	26508	59.44349999999999
130	1583	59.044000000000004
131	3065	58.6395
132	1616	57.74400000000001
133	7161	57.043499999999995
134	10617	51.6495
135	7138	51.242000000000004
136	2308	48.731
137	23111	48.6415
138	1487	48.5015
139	440275	47.241
140	8554	46.140499999999996
141	2099	45.733
142	207	44.5355
143	6935	43.8365
144	4303	43.634
145	10114	42.4385
146	7050	41.83
147	8202	41.534000000000006
148	7329	41.439
149	9611	41.1295
150	8841	40.6245
151	3066	39.222500000000004
152	6597	38.229
153	343521	37.293
154	672	36.53
155	51592	35.426
156	6599	35.327999999999996
157	2309	34.736000000000004
158	6601	33.9265
159	57492	32.3255
160	7157	30.0345
161	25942	29.9195
162	7421	29.127499999999998
163	1051	28.2315
164	6598	27.4215
165	3172	27.1325
166	6595	25.920499999999997
167	3725	25.735500000000002
168	10499	24.833499999999997
169	8289	24.819
170	65259	24.238
171	7341	24.136000000000003
172	6667	22.425
173	6603	22.4185
174	6602	22.018
175	5925	21.121000000000002
176	51701	20.7315
177	6605	20.22
178	6604	19.6165
179	2274	18.5305
180	5928	18.316
181	5931	16.7135
182	86	16.514
183	51742	16.115000000000002
184	3621	16.014499999999998
185	6908	15.617
186	8819	15.6155
187	3622	15.135
188	7750	14.901999999999997
189	2908	14.7285
190	9612	14.222
191	1108	14.011000000000001
192	8932	13.913
193	2752	13.738
194	9219	13.2125
195	1050	12.4375
196	23028	12.4065
197	3091	12.124
198	8850	11.801
199	53615	11.7115
200	5977	11.512
201	57459	11.4105
202	1107	11.4095
203	23186	11.2005
204	1386	11.0365
205	595	10.523
206	4435	10.132
207	4193	9.5255
208	1024	9.1005
209	10284	8.91
210	573	8.027
211	204851	7.837000000000001
212	8189	7.407500000000001
213	4297	7.108500000000001
214	7155	7.102500000000001
215	5914	7.011
216	53981	6.507
217	2959	6.503
218	8648	5.627
219	6878	5.506
220	5929	5.2055
221	6880	5.109
222	4194	4.9215
223	54760	4.8055
224	6883	4.6049999999999995
225	6872	4.4079999999999995
226	8467	4.3035
227	7316	4.121
228	10589	4.101
229	5901	3.7045000000000003
230	4204	3.604
231	7704	3.408
232	4298	3.217
233	11091	3.2039999999999997
234	6774	3.1235
235	7044	3.1165
236	9412	2.4059999999999997
237	2965	2.205
238	2962	2.1055
239	2960	1.7045000000000001
240	892	1.704
241	9343	1.6019999999999999
242	5430	1.2029999999999998
243	2967	1.0035
244	23309	0.9175000000000001
245	2071	0.8019999999999999
246	9112	0.716
247	1022	0.701
248	9203	0.62
249	51317	0.521
250	85509	0.414
251	23199	0.3195
252	2969	0.219
253	3360	0.1165
254	2192	0.041499999999999995
255	100526767	0.0385
256	1856	0.0355
257	1875	0.032
258	6839	0.0315
259	8535	0.028499999999999998
260	6239	0.028000000000000004
261	7764	0.027500000000000004
262	9658	0.027000000000000003
263	84458	0.026500000000000003
264	9425	0.026000000000000002
265	1488	0.025500000000000002
266	5933	0.025500000000000002
267	55758	0.025
268	79813	0.024
269	8626	0.023
270	10919	0.0225
271	112885	0.022
272	10363	0.0215
273	10362	0.020499999999999997
274	10498	0.017499999999999998
275	5926	0.013500000000000002
276	10274	0.013000000000000001
277	11177	0.0125
278	10735	0.0115
279	6304	0.011
280	5885	0.010499999999999999
281	5594	0.010499999999999999
282	57504	0.01
283	54815	0.0095
284	23054	0.007000000000000001
285	5468	0.006500000000000001
286	6256	0.006
287	4654	0.0055
288	602	0.005
