rank	node	rank_score
1	1601	180.1
2	7042	175.69850000000002
3	7043	171.298
4	2022	170.9975
5	9392	170.9955
6	94	169.897
7	7040	168.2965
8	7049	167.996
9	91	164.4915
10	2331	164.095
11	90	163.0905
12	650	161.39249999999998
13	92	161.392
14	93	159.99099999999999
15	3624	158.19
16	338567	157.09949999999998
17	3626	156.9895
18	3625	156.089
19	3547	155.1885
20	130497	154.799
21	3623	153.988
22	655	153.3865
23	130399	152.1875
24	114990	151.7945
25	10220	151.28699999999998
26	4054	150.994
27	658	150.382
28	1490	150.0935
29	11167	149.586
30	51285	148.18
31	23181	147.1855
32	657	147.18400000000003
33	8200	147.1835
34	659	147.0845
35	4086	147.0795
36	58533	146.4805
37	23551	145.4785
38	25884	145.38299999999998
39	654	144.8825
40	23682	144.078
41	4089	143.1775
42	652	142.9815
43	25928	141.781
44	10468	141.685
45	4092	141.677
46	121268	141.2765
47	4087	140.876
48	64750	139.47449999999998
49	392255	138.97899999999998
50	4091	138.974
51	117583	138.77550000000002
52	29984	137.075
53	57154	137.073
54	8878	135.372
55	5058	133.9725
56	9459	133.57350000000002
57	57381	131.7715
58	55827	130.971
59	343521	130.59300000000002
60	4090	128.6705
61	10273	128.5695
62	860	128.27
63	84085	128.06900000000002
64	83871	126.168
65	864	125.76849999999999
66	29068	124.4675
67	11171	124.4665
68	140901	123.867
69	57111	122.4615
70	51176	122.2655
71	28512	121.46599999999998
72	79674	121.2635
73	1855	118.7645
74	51588	118.56500000000001
75	7554	117.061
76	8312	116.86399999999999
77	58473	116.06300000000002
78	10140	113.362
79	51560	112.8625
80	1499	111.65799999999999
81	64718	111.5595
82	55914	110.5575
83	81788	108.96
84	168667	108.8585
85	9372	108.857
86	55761	108.45900000000002
87	22800	107.0605
88	54440	106.7565
89	2033	96.55
90	163126	95.6495
91	79753	94.151
92	861	90.3485
93	10413	89.548
94	7738	88.856
95	10691	87.9505
96	54778	87.5525
97	145258	86.8555
98	5218	86.8545
99	6497	86.8465
100	28996	86.046
101	2737	85.84700000000001
102	5872	85.655
103	5865	84.454
104	9241	84.3535
105	653	83.553
106	5371	82.845
107	1387	82.34549999999999
108	1616	81.24449999999999
109	7161	79.84400000000001
110	6996	79.14349999999999
111	367	77.74300000000001
112	2290	77.34049999999999
113	207	77.241
114	2308	77.14200000000001
115	2274	75.9425
116	4303	75.24
117	2309	74.73949999999999
118	9943	72.152
119	2099	71.039
120	3065	66.6365
121	51701	66.1415
122	8202	65.938
123	9306	60.1515
124	10401	58.236000000000004
125	3172	58.0385
126	7157	58.03150000000001
127	9611	57.1375
128	1051	56.032
129	8841	53.535000000000004
130	6597	53.2355
131	10499	51.53099999999999
132	672	47.4305
133	7421	47.333
134	6599	47.034000000000006
135	4152	46.2325
136	51592	46.037
137	6601	45.6345
138	6667	43.730000000000004
139	3066	41.129
140	3224	39.449
141	3725	37.9305
142	57492	36.633500000000005
143	8554	36.332499999999996
144	6598	36.1295
145	6595	34.028
146	25942	33.9265
147	2908	33.7185
148	7329	33.332
149	6602	31.526
150	7341	30.3315
151	4193	30.0375
152	6908	29.917
153	8289	29.8285
154	6603	29.4275
155	6605	29.127
156	8945	28.645999999999997
157	6604	27.6255
158	8626	27.4435
159	8850	27.406
160	1050	25.0385
161	3091	24.73
162	86	23.824
163	208	23.7365
164	4435	23.2275
165	4194	22.736
166	6774	22.328
167	9612	22.322
168	3621	22.123
169	5914	22.0225
170	8648	21.826
171	595	21.627000000000002
172	5925	21.6035
173	3622	21.2335
174	5928	21.222
175	7316	21.1355
176	51742	21.0225
177	573	20.819
178	8819	20.2215
179	7704	19.52
180	10617	19.447499999999998
181	2959	19.21
182	1024	18.725
183	10114	18.529500000000002
184	5931	18.221
185	54760	17.7245
186	6498	16.432499999999997
187	9219	16.32
188	8932	16.1205
189	6256	15.721
190	5977	15.4195
191	602	15.325
192	23054	15.318000000000001
193	10284	14.517500000000002
194	1108	14.419
195	57459	14.4185
196	53615	14.418000000000001
197	4654	13.623
198	1386	13.426499999999999
199	10498	13.2085
200	5594	12.825
201	5970	11.9155
202	7155	11.7235
203	6880	11.616499999999998
204	9412	11.3085
205	8189	11.216
206	7138	11.155
207	6878	11.014500000000002
208	6872	11.012
209	1107	10.8155
210	53981	10.715
211	3209	10.4505
212	4297	10.214
213	10589	10.109
214	23028	9.8135
215	2962	9.806999999999999
216	5599	9.713
217	8928	9.5475
218	5595	9.3115
219	6883	9.213
220	2353	8.910499999999999
221	2965	8.9075
222	5929	8.8125
223	2960	8.608
224	892	8.4065
225	5901	8.2115
226	5468	8.014
227	11091	7.711
228	8467	7.410500000000001
229	7050	7.1405
230	9343	6.9094999999999995
231	2967	5.7055
232	1487	5.103
233	1432	4.7085
234	23186	4.3025
235	5430	3.7049999999999996
236	54815	3.7019999999999995
237	2623	2.9059999999999997
238	2071	2.9045
239	1457	2.7079999999999997
240	85509	2.7039999999999997
241	3297	2.6035
242	9031	2.4015
243	9112	2.4005
244	7067	2.2135000000000002
245	4204	2.2009999999999996
246	57504	0.309
247	7750	0.205
248	23309	0.1025
249	83942	0.0985
250	23111	0.051500000000000004
251	51523	0.0485
252	63976	0.0465
253	6934	0.039
254	1052	0.037
255	1385	0.031
256	1147	0.026500000000000003
257	2113	0.024
258	5600	0.0225
259	2002	0.022
260	9252	0.0215
261	4298	0.020999999999999998
262	5601	0.020999999999999998
263	7044	0.020499999999999997
264	4602	0.020499999999999997
265	2114	0.02
266	8204	0.0125
267	7068	0.012
268	5465	0.01
269	5469	0.0095
270	1459	0.0095
271	9325	0.009
272	2100	0.009
273	6688	0.009
274	11177	0.0085
275	1022	0.0085
276	6689	0.0085
277	10274	0.008
278	10735	0.0075
279	5885	0.007000000000000001
280	9759	0.006500000000000001
281	6304	0.004
282	9203	0.0035000000000000005
283	51317	0.003
284	23199	0.002
285	2969	0.0015
286	3360	0.001
287	10362	0.0005
