rank	node	rank_score
1	148	177.2995
2	2921	177.197
3	64109	171.69549999999998
4	6774	149.0865
5	6714	139.3835
6	2099	136.399
7	5295	133.6
8	3557	132.5935
9	3556	116.19850000000001
10	6776	115.394
11	89782	114.79749999999999
12	5580	113.16
13	1956	112.1685
14	6372	111.0805
15	5770	103.7625
16	5578	102.71700000000001
17	3643	102.17699999999999
18	5581	101.3225
19	5788	100.174
20	6464	99.6925
21	6777	98.688
22	5582	98.501
23	5781	96.38250000000001
24	4233	96.143
25	3667	95.861
26	2534	95.07950000000001
27	388585	93.79650000000001
28	3480	92.167
29	5782	90.5335
30	3716	89.58500000000001
31	1499	88.2345
32	5159	83.9845
33	5747	82.0675
34	1445	80.3485
35	83862	79.999
36	5777	79.88
37	3560	79.782
38	5579	79.6075
39	367	79.502
40	6772	79.48150000000001
41	4067	79.19200000000001
42	3718	78.287
43	5594	77.727
44	5595	77.3515
45	2185	76.9715
46	3552	76.898
47	5590	76.7135
48	2064	75.5805
49	1439	74.886
50	6850	74.178
51	2690	73.8915
52	2887	73.85799999999999
53	5588	73.30850000000001
54	55715	71.238
55	1387	70.2935
56	5584	68.3035
57	5771	68.1875
58	25	68.0655
59	2057	67.69
60	3932	67.6755
61	5335	67.575
62	4486	67.49449999999999
63	2549	67.4695
64	10451	67.4595
65	867	67.1775
66	3559	66.203
67	6667	65.3065
68	2885	62.173500000000004
69	5921	61.772000000000006
70	7409	61.67100000000001
71	3815	61.3895
72	1399	60.976
73	5795	60.373000000000005
74	9846	60.169000000000004
75	10603	59.888999999999996
76	5829	58.4535
77	613	57.7615
78	5156	57.68300000000001
79	3553	57.3965
80	1398	57.2725
81	2769	56.797000000000004
82	2904	56.108000000000004
83	7253	55.995000000000005
84	5587	55.2115
85	7297	55.064499999999995
86	55824	55.056
87	60312	54.891
88	2065	53.859
89	857	53.532500000000006
90	5894	52.1245
91	3572	51.866499999999995
92	3749	51.593
93	4985	51.49550000000001
94	3280	51.378499999999995
95	9021	50.9745
96	5583	50.790499999999994
97	6654	50.7505
98	1103	50.1935
99	2321	49.87
100	8651	49.5855
101	1493	49.493
102	4900	48.7875
103	120	48.286
104	1796	48.278499999999994
105	3937	48.0575
106	65108	47.685500000000005
107	624	47.5565
108	2781	47.1945
109	4914	46.2635
110	433	46.1845
111	7535	45.862
112	2705	45.059000000000005
113	5336	44.576499999999996
114	2915	44.387
115	11184	44.268
116	7504	44.0815
117	9266	43.665499999999994
118	6461	43.457
119	960	43.4045
120	1051	43.396
121	2911	43.362
122	1267	43.28
123	6199	43.0835
124	5341	42.9775
125	7006	42.8885
126	917	42.4765
127	3315	42.083000000000006
128	3791	41.85850000000001
129	10287	41.694
130	846	41.476
131	27040	41.1705
132	10657	40.9565
133	6452	40.8525
134	26353	40.781
135	8660	40.565
136	119	40.359500000000004
137	9564	40.355000000000004
138	3055	40.0495
139	5922	39.798
140	5800	39.3355
141	3635	39.248000000000005
142	5170	39.0265
143	27	38.854
144	695	38.340999999999994
145	2889	38.1605
146	84639	37.891
147	1386	37.644999999999996
148	100124696	37.5905
149	5793	37.536500000000004
150	29760	37.3445
151	445815	37.266
152	4690	34.451
153	10006	34.244
154	5787	34.0395
155	22927	33.7795
156	868	33.646
157	7462	33.55
158	4089	33.39149999999999
159	5979	32.9385
160	7454	32.7375
161	660	32.653
162	156	32.454499999999996
163	150	32.161
164	10818	32.142
165	207	32.107
166	25780	31.689999999999998
167	5296	31.4415
168	7275	31.1555
169	688	31.0875
170	3702	30.747000000000003
171	26191	30.3545
172	25970	30.04
173	7525	29.435000000000002
174	5037	29.384000000000004
175	1436	28.663
176	10399	28.545499999999997
177	56955	28.446500000000004
178	6876	28.375
179	2890	28.189
180	5066	28.172500000000003
181	2213	27.8435
182	2566	27.770500000000006
183	2561	27.47
184	2893	27.387999999999998
185	6656	27.1385
186	10278	27.1305
187	634	27.1305
188	5175	27.028
189	2560	26.9685
190	4582	26.934000000000005
191	2066	26.8405
192	7074	26.677
193	1080	26.585
194	27240	26.22
195	6655	26.1475
196	1432	25.713
197	55250	25.6675
198	10000	25.174
199	2152	24.666
200	5243	24.363999999999997
201	4842	24.247999999999998
202	7410	23.337
203	7010	23.333
204	1000	23.2185
205	558	22.6235
206	5566	22.5485
207	80831	22.5215
208	9267	21.663
209	10750	21.451999999999998
210	4082	21.256
211	334	21.191499999999998
212	5058	21.121000000000002
213	2268	20.830000000000002
214	3150	20.7505
215	3105	20.747
216	5568	20.6515
217	7852	20.579
218	1154	20.411
219	5599	20.2565
220	3561	20.2165
221	9421	20.15
222	56995	20.0145
223	5567	19.651
224	4088	19.483
225	30011	19.226
226	9590	19.149
227	2670	19.133499999999998
228	154	19.073500000000003
229	118	19.055
230	4225	18.944499999999998
231	128853	18.8315
232	57292	18.8295
233	2673	18.7495
234	23258	18.693
235	1050	18.687
236	672	18.578
237	4689	18.554000000000002
238	51561	18.491999999999997
239	1441	18.431
240	8682	18.174500000000002
241	3725	18.1665
242	58512	17.964
243	9338	17.8715
244	6688	17.859
245	7137	17.7465
246	6689	17.6335
247	821	17.5865
248	4435	17.553
249	27071	17.503999999999998
250	50807	17.445
251	3594	17.391
252	2033	17.386000000000003
253	54866	17.341
254	8202	17.272
255	139716	17.2015
256	5925	17.1645
257	5468	17.061500000000002
258	2243	17.0535
259	3689	17.035
260	6778	16.987000000000002
261	23054	16.9655
262	10499	16.8775
263	7534	16.838
264	8648	16.775
265	3320	16.6205
266	2908	16.562
267	930	16.525
268	4087	16.457
269	6256	16.366
270	3595	16.29
271	5914	16.268
272	8841	16.151
273	7421	16.055500000000002
274	7430	16.0405
275	5927	15.956
276	23211	15.7905
277	602	15.760499999999999
278	3459	15.681000000000001
279	6597	15.665000000000001
280	9743	15.627500000000001
281	6908	15.561000000000002
282	6915	15.544
283	2931	15.473000000000003
284	1052	15.382
285	83747	15.3285
286	5796	15.232
287	7704	15.2215
288	5970	15.169999999999998
289	9402	15.142500000000002
290	3065	15.049000000000001
291	933	15.020499999999998
292	9612	14.9635
293	3091	14.8405
294	6773	14.785499999999999
295	9611	14.754499999999998
296	5371	14.6535
297	6996	14.562999999999999
298	196	14.469
299	2242	14.413
300	6601	14.342500000000001
301	6599	14.245500000000002
302	2209	14.236
303	55620	14.184000000000001
304	51592	14.143
305	3066	14.047999999999998
306	2353	13.9595
307	4790	13.855
308	5451	13.764
309	9325	13.684000000000001
310	861	13.553999999999998
311	57492	13.4315
312	6598	13.341999999999999
313	10401	13.2715
314	2554	13.257
315	2697	13.087
316	7067	13.052000000000001
317	25942	12.9255
318	5465	12.818000000000001
319	7068	12.745999999999999
320	7157	12.65
321	6595	12.5385
322	6004	12.5045
323	2260	12.439
324	2902	12.336
325	10498	12.3325
326	6603	12.23
327	6383	12.1525
328	23607	12.0175
329	64800	12.01
330	8850	11.979000000000001
331	6602	11.8445
332	4950	11.755500000000001
333	2959	11.6515
334	6605	11.535
335	595	11.373000000000001
336	1024	11.238
337	1457	11.144
338	81491	10.988
339	54760	10.937000000000001
340	6604	10.831
341	8289	10.728
342	2962	10.6365
343	5241	10.5625
344	3566	10.515
345	8440	10.422
346	4298	10.419
347	4204	10.333
348	9412	10.2355
349	2623	10.139
350	146722	10.123000000000001
351	4058	10.006
352	2965	9.9295
353	5469	9.8395
354	4609	9.72
355	892	9.6345
356	5430	9.529
357	10589	9.3375
358	919	9.3235
359	1022	9.1265
360	57007	9.123999999999999
361	1025	9.023
362	5928	8.9225
363	86	8.725
364	4000	8.682500000000001
365	2960	8.6235
366	94274	8.5435
367	57459	8.512
368	5325	8.4115
369	8819	8.217
370	8805	8.1435
371	8431	8.026
372	2071	7.9239999999999995
373	55193	7.813
374	8031	7.7525
375	3269	7.737
376	57190	7.719499999999999
377	6872	7.522
378	3875	7.458499999999999
379	51742	7.4305
380	3636	7.402500000000001
381	238	7.328999999999999
382	5977	7.3135
383	10019	7.242
384	9219	7.215000000000001
385	163126	7.1485
386	5931	7.0125
387	6880	6.914499999999999
388	1108	6.814
389	53615	6.7095
390	815	6.640000000000001
391	3621	6.6175
392	2967	6.526999999999999
393	10284	6.4030000000000005
394	6883	6.3020000000000005
395	3706	6.2345
396	640	6.2105
397	8189	6.2045
398	6878	6.1055
399	5929	6.0009999999999994
400	53981	5.904
401	4297	5.807
402	5338	5.7565
403	8932	5.7105
404	818	5.567
405	23028	5.5024999999999995
406	9749	5.449
407	974	5.419
408	11091	5.4015
409	1107	5.3065
410	405	5.2085
411	53358	5.125500000000001
412	4739	5.1125
413	7316	5.1065
414	9103	5.009
415	5901	5.006
416	10891	4.9155
417	60	4.718500000000001
418	23309	4.509
419	7431	4.233
420	3454	4.1165
421	2969	4.0035
422	58480	3.818
423	2100	3.6710000000000003
424	6503	3.3085
425	4654	3.0415
426	23230	2.9155
427	916	2.809
428	8853	2.6155
429	3690	2.4055
430	2886	2.21
431	1487	2.0004999999999997
432	50852	1.904
433	7155	1.5285
434	9031	1.3245
435	5287	1.3094999999999999
436	3312	0.7075
437	1500	0.5145
438	85509	0.508
439	64324	0.2585
440	7341	0.132
441	5519	0.0965
442	285464	0.0955
443	5997	0.0945
444	7181	0.0935
445	2824	0.093
446	353376	0.0925
447	84709	0.0925
448	190	0.092
449	221079	0.092
450	2538	0.0905
451	151295	0.0895
452	6775	0.0895
453	3592	0.089
454	64321	0.089
455	2624	0.0885
456	4070	0.0885
457	4585	0.0875
458	339487	0.087
459	3175	0.0865
460	2516	0.08549999999999999
461	3213	0.08549999999999999
462	4352	0.08399999999999999
463	6927	0.08249999999999999
464	6098	0.081
465	4255	0.081
466	55809	0.0795
467	4001	0.079
468	2122	0.077
469	7482	0.0755
470	4780	0.0725
471	7533	0.0705
472	9816	0.06949999999999999
473	11033	0.067
474	488	0.0645
475	51341	0.062
476	6497	0.0605
477	7080	0.06
478	3758	0.057499999999999996
479	2113	0.057499999999999996
480	4836	0.057499999999999996
481	9252	0.056999999999999995
482	8835	0.05450000000000001
483	1816	0.053000000000000005
484	7044	0.05
485	54923	0.0495
486	151568	0.0495
487	2114	0.0475
488	573	0.047
489	1017	0.047
490	84687	0.046
491	5778	0.0455
492	860	0.045
493	55636	0.044
494	824	0.041999999999999996
495	7448	0.041499999999999995
496	10661	0.041499999999999995
497	7252	0.040999999999999995
498	3017	0.0405
499	29893	0.04
500	1459	0.038
501	2309	0.036
502	7037	0.036
503	3903	0.034999999999999996
504	5601	0.034
505	6197	0.0325
506	185	0.032
507	6624	0.0315
508	155	0.0315
509	5132	0.03
510	11250	0.0295
511	301	0.0295
512	6414	0.028000000000000004
513	1869	0.028000000000000004
514	57708	0.027500000000000004
515	10672	0.026500000000000003
516	2957	0.024
517	8467	0.023
518	3326	0.022
519	2764	0.0215
520	6886	0.0215
521	9759	0.020999999999999998
522	3164	0.020999999999999998
523	4915	0.020499999999999997
524	64426	0.020499999999999997
525	3297	0.0195
526	7528	0.0195
527	23186	0.019
528	9203	0.0185
529	554	0.018
530	283078	0.017499999999999998
531	9343	0.017
532	54815	0.0165
533	5879	0.016
534	1385	0.016
535	399511	0.016
536	6304	0.0155
537	3308	0.014499999999999999
538	57127	0.014000000000000002
539	142	0.014000000000000002
540	9112	0.013000000000000001
541	29886	0.0125
542	3054	0.0125
543	356	0.012
544	9739	0.012
545	7750	0.0115
546	940	0.011
547	25855	0.011
548	8473	0.011
549	92591	0.010499999999999999
550	3360	0.010499999999999999
551	8503	0.0095
552	196528	0.0095
553	57410	0.009
554	51102	0.0085
555	9070	0.008
556	29998	0.006500000000000001
557	6917	0.006
558	8529	0.0055
559	51412	0.0055
560	85358	0.005
561	3516	0.005
562	11177	0.005
563	10735	0.0045
564	2963	0.004
565	2048	0.0035000000000000005
566	8290	0.003
567	5618	0.002
568	6722	0.002
569	10044	0.0015
570	6929	0.0015
571	6504	0.001
572	7532	0.0005
