rank	node	rank_score
1	1585	180.1
2	403	159.2995
3	6720	129.097
4	2033	128.3895
5	672	126.269
6	6667	123.99749999999999
7	367	121.68499999999999
8	2099	121.18199999999999
9	1387	119.487
10	10848	116.59650000000002
11	4800	115.49600000000001
12	875	114.29549999999999
13	4801	113.595
14	23158	112.2945
15	4603	111.494
16	5371	111.08800000000001
17	4802	110.6935
18	1997	109.99300000000001
19	23054	109.87899999999999
20	6721	108.69099999999999
21	5468	108.67750000000001
22	3159	107.69200000000001
23	8648	105.776
24	8202	104.877
25	10499	104.17550000000001
26	5925	103.578
27	1051	102.98400000000001
28	1050	102.8815
29	3172	102.77849999999998
30	6256	102.674
31	3725	102.38550000000001
32	6597	102.3765
33	4088	99.5865
34	51147	98.999
35	1386	98.986
36	5575	98.4985
37	8165	97.998
38	7421	96.4745
39	9612	96.1735
40	2908	95.975
41	3065	95.36949999999999
42	5594	93.97999999999999
43	6908	93.071
44	6996	92.4875
45	9611	92.473
46	50509	92.3925
47	7161	90.5915
48	7155	89.756
49	6722	89.5835
50	1385	88.428
51	1958	87.0845
52	5970	86.3715
53	2353	86.3705
54	5469	84.44
55	4087	84.37950000000001
56	4089	84.181
57	7341	84.0885
58	6599	83.8685
59	2100	82.3725
60	861	81.883
61	10401	81.672
62	6601	80.86800000000001
63	2959	79.6665
64	8841	79.2675
65	7329	79.09049999999999
66	6598	78.566
67	602	77.86699999999999
68	6595	77.3655
69	1024	77.2635
70	6602	76.2645
71	9412	76.26050000000001
72	3066	76.164
73	7067	73.0395
74	1022	73.039
75	8850	72.74300000000001
76	6603	72.563
77	6605	72.5625
78	892	72.259
79	6604	71.862
80	54760	71.2615
81	2962	69.961
82	28996	69.19
83	10589	68.06
84	2965	67.9595
85	25942	67.865
86	5430	67.74249999999999
87	8204	66.9385
88	8289	66.85799999999999
89	57492	66.75750000000001
90	2960	66.1585
91	8554	65.9825
92	5595	65.82050000000001
93	86	64.357
94	2967	63.742000000000004
95	2071	63.4415
96	8721	63.27
97	5928	63.15650000000001
98	1457	62.6225
99	4435	62.18050000000001
100	6872	58.05550000000001
101	5914	57.938
102	10498	57.8405
103	6658	57.49400000000001
104	8431	57.0375
105	4609	56.440999999999995
106	7391	55.891999999999996
107	8819	55.355
108	10891	54.8155
109	9219	54.554500000000004
110	5931	53.754
111	6670	53.589
112	6880	52.251
113	51742	51.74400000000001
114	3297	51.7195
115	53615	50.753
116	3621	50.3435
117	6878	49.4505
118	10284	49.049
119	53981	48.448
120	4297	47.85
121	8189	47.2485
122	57459	46.552499999999995
123	3164	46.419
124	8932	46.153499999999994
125	6883	46.1465
126	5929	45.847500000000004
127	1108	45.552
128	1107	44.7495
129	1869	44.6185
130	23028	44.447
131	5977	44.0515
132	11091	43.54600000000001
133	8467	42.545
134	5901	41.945499999999996
135	1025	40.924
136	9343	39.3445
137	10075	39.097500000000004
138	5451	39.0265
139	3091	37.82
140	9031	37.523
141	1017	37.121500000000005
142	23126	36.7915
143	22926	36.2885
144	4193	36.01649999999999
145	23186	35.734500000000004
146	7022	35.686
147	7750	35.435
148	2969	35.332499999999996
149	6196	35.288
150	9112	35.23350000000001
151	23309	34.033
152	5599	33.3655
153	9203	33.332
154	7528	32.7285
155	3516	32.6245
156	11198	32.6235
157	9252	31.965999999999998
158	51317	31.9315
159	1487	31.434000000000005
160	2002	31.381
161	1432	31.266499999999997
162	5465	31.0815
163	6613	31.0055
164	23199	30.931
165	5600	30.464
166	3360	30.2305
167	85509	30.2295
168	9862	29.817500000000003
169	10362	29.130000000000003
170	5601	29.115499999999997
171	54815	28.828999999999997
172	6830	27.422000000000004
173	904	26.918
174	9440	26.915999999999997
175	9282	26.214999999999996
176	891	25.4745
177	9968	24.6135
178	9439	24.214
179	10001	23.812
180	10025	23.7125
181	4194	23.3765
182	7068	23.297
183	4654	23.116
184	8243	22.02
185	9969	21.811500000000002
186	8295	21.417
187	6774	21.264499999999998
188	2648	21.213
189	81857	21.2105
190	9443	20.91
191	51586	20.111
192	9314	19.5955
193	9442	19.5095
194	7874	19.497
195	1316	19.494999999999997
196	10346	19.3965
197	9477	19.308500000000002
198	1718	19.199
199	1029	19.0965
200	51702	19.0855
201	4204	19.026999999999997
202	7486	18.997
203	29079	18.807499999999997
204	1616	18.7835
205	57504	18.6275
206	7314	18.421
207	1111	18.3835
208	545	18.2955
209	400569	18.207
210	472	18.195
211	90390	18.106
212	9656	18.0945
213	11200	17.984
214	5591	17.8845
215	1877	17.796
216	6195	17.767
217	23389	17.6065
218	55655	17.494
219	2177	17.393
220	641	17.2935
221	4683	17.192
222	6837	17.1055
223	2956	17.0915
224	6662	17.0875
225	4436	16.9905
226	4361	16.892500000000002
227	10111	16.791
228	64421	16.686
229	84246	16.608
230	5981	16.59
231	23097	16.505000000000003
232	1459	16.5025
233	5982	16.4895
234	5984	16.389
235	4292	16.288
236	11073	16.1875
237	54797	16.104499999999998
238	580	16.087
239	571	15.986500000000001
240	5932	15.885499999999999
241	3014	15.785
242	4602	15.715
243	5111	15.681999999999999
244	7520	15.5825
245	5395	15.416999999999998
246	63967	15.318999999999999
247	3981	15.279499999999999
248	112950	15.203999999999999
249	2547	15.180000000000001
250	7014	15.078999999999999
251	2113	15.0635
252	9441	15.003499999999999
253	7518	14.962
254	79840	14.861500000000001
255	6117	14.7815
256	142	14.6785
257	54386	14.5625
258	7515	14.366499999999998
259	80306	14.3025
260	8535	14.3005
261	200558	14.263
262	6118	14.1805
263	9557	14.0635
264	51003	14.003
265	55090	14.002
266	7158	13.981
267	5422	13.878
268	55588	13.801499999999999
269	5426	13.776499999999999
270	6119	13.677000000000001
271	5424	13.5755
272	219541	13.501
273	11177	13.501
274	890	13.475999999999999
275	3978	13.375
276	9967	13.309000000000001
277	7150	13.274000000000001
278	5557	13.072999999999999
279	23649	12.973500000000001
280	5425	12.872499999999999
281	10714	12.6715
282	6304	12.6005
283	5558	12.571
284	57804	12.4705
285	56655	12.370000000000001
286	54107	12.269499999999999
287	5427	12.169
288	7153	12.0685
289	5884	11.968
290	983	11.8675
291	5883	11.767
292	5983	11.666
293	5985	11.5655
294	595	11.507
295	3364	11.465
296	5810	11.3645
297	2237	11.264
298	5888	11.183
299	2178	10.9605
300	675	10.86
301	7013	10.659
302	51720	10.551
303	83990	10.416500000000001
304	26277	10.3585
305	65057	10.250499999999999
306	7156	10.158
307	2176	10.057500000000001
308	2189	9.956999999999999
309	2175	9.855500000000001
310	80010	9.756
311	2188	9.6565
312	55120	9.555
313	57697	9.4545
314	2187	9.354000000000001
315	378708	9.253499999999999
316	25913	9.15
317	4999	9.0515
318	81620	8.943999999999999
319	10274	8.9225
320	990	8.8445
321	4998	8.743500000000001
322	5241	8.721
323	22909	8.614
324	3980	8.553
325	10735	8.522
326	55775	8.4525
327	5965	8.352
328	7704	8.3255
329	1026	8.0335
330	25	7.8260000000000005
331	328	7.741
332	8900	7.6405
333	2623	7.409000000000001
334	7316	7.305
335	993	7.215999999999999
336	79184	7.142
337	84142	7.0489999999999995
338	4298	7.032500000000001
339	4171	6.9430000000000005
340	4176	6.842499999999999
341	5885	6.721000000000001
342	11277	6.645999999999999
343	63922	6.5485
344	5429	6.447
345	54921	6.348
346	79075	6.2475000000000005
347	8317	6.137
348	1019	6.0329999999999995
349	4173	5.939500000000001
350	5001	5.838
351	23594	5.7385
352	604	5.714499999999999
353	5000	5.6375
354	9126	5.6205
355	23595	5.5355
356	8318	5.4350000000000005
357	7044	5.432
358	4175	5.339
359	6497	5.326
360	4172	5.236
361	10926	5.1365
362	55388	5.0344999999999995
363	4174	4.8340000000000005
364	60	4.737
365	9133	4.7315
366	5934	4.63
367	1021	4.5295000000000005
368	91768	4.3255
369	1020	4.1265
370	1027	4.027
371	196528	3.9365
372	51343	3.9219999999999997
373	55193	3.836
374	898	3.825
375	9759	3.8095
376	51412	3.7354999999999996
377	5933	3.7310000000000003
378	4605	3.6245
379	6502	3.5215000000000005
380	6257	3.4869999999999997
381	10485	3.3200000000000003
382	55636	3.225
383	10763	3.2195
384	5893	3.0235
385	9794	2.8545000000000003
386	84152	2.7184999999999997
387	5499	2.618
388	1874	2.524
389	1875	2.207
390	1028	1.6125
391	9134	1.512
392	5757	1.4035
393	896	1.3155
394	2957	1.0205
395	894	0.923
396	5501	0.8150000000000001
397	5431	0.341
398	5439	0.244
399	5435	0.142
400	3276	0.098
401	84447	0.096
402	2101	0.094
403	55629	0.0935
404	2104	0.093
405	2494	0.092
406	1514	0.0915
407	1388	0.0905
408	1551	0.0905
409	6573	0.09
410	10957	0.0885
411	6095	0.088
412	7415	0.088
413	5916	0.0875
414	5915	0.0865
415	57680	0.0865
416	5705	0.086
417	10062	0.08549999999999999
418	1820	0.08549999999999999
419	8856	0.08499999999999999
420	6258	0.08399999999999999
421	2764	0.08399999999999999
422	7376	0.08349999999999999
423	6672	0.08299999999999999
424	6197	0.08299999999999999
425	9971	0.081
426	5467	0.0795
427	8986	0.0795
428	4208	0.0775
429	4776	0.077
430	2932	0.073
431	5596	0.0715
432	9261	0.071
433	9325	0.0705
434	5597	0.0705
435	5602	0.06999999999999999
436	5598	0.06899999999999999
437	6300	0.0685
438	1827	0.068
439	3925	0.067
440	6929	0.0665
441	3977	0.066
442	51592	0.0655
443	5603	0.0655
444	5321	0.065
445	7538	0.0645
446	1053	0.064
447	55031	0.0635
448	11075	0.0635
449	27034	0.063
450	7080	0.063
451	8550	0.063
452	29904	0.0625
453	4157	0.062
454	6640	0.0605
455	5629	0.06
456	4638	0.06
457	51763	0.053500000000000006
458	4851	0.053000000000000005
459	6688	0.053000000000000005
460	6689	0.052500000000000005
461	2114	0.052000000000000005
462	995	0.0465
463	80233	0.0455
464	5433	0.0435
465	5436	0.043
466	5432	0.042499999999999996
467	5438	0.041499999999999995
468	9577	0.041499999999999995
469	5434	0.0405
470	5440	0.04
471	5423	0.04
472	2068	0.0395
473	2966	0.039
474	5441	0.0385
475	5437	0.038
476	2961	0.0375
477	2968	0.037
478	2963	0.0365
479	26015	0.036
480	9150	0.0355
481	399511	0.034499999999999996
482	902	0.031
483	6917	0.0305
484	4331	0.03
485	404672	0.0295
486	8805	0.026000000000000002
487	6241	0.017499999999999998
488	1460	0.014499999999999999
489	22938	0.014000000000000002
490	10036	0.013000000000000001
491	1018	0.0115
492	26574	0.0095
493	9734	0.005
494	51341	0.004
495	4790	0.0035000000000000005
496	196	0.002
