rank	node	rank_score
1	11018	180.1
2	27178	179.1995
3	3108	177.798
4	972	176.797
5	3109	175.8965
6	3732	174.3955
7	3112	173.1945
8	967	172.895
9	5738	171.494
10	975	169.89249999999998
11	928	169.49200000000002
12	920	169.293
13	963	167.9915
14	93185	167.49099999999999
15	3676	166.39000000000001
16	3688	165.3895
17	4179	163.6885
18	7106	162.988
19	2515	162.689
20	3675	161.7875
21	977	161.087
22	3655	160.0865
23	3679	158.88600000000002
24	931	158.0905
25	3964	157.9855
26	948	152.084
27	961	151.583
28	3673	151.08350000000002
29	8754	150.98499999999999
30	7057	149.5825
31	3690	147.679
32	1293	146.18
33	3674	144.478
34	2812	143.471
35	7052	142.27849999999998
36	3685	142.175
37	3386	141.974
38	3678	140.4795
39	2335	140.477
40	2811	139.8705
41	1277	138.382
42	1278	137.07750000000001
43	4856	137.07350000000002
44	3491	135.0725
45	4318	134.17649999999998
46	27329	133.2695
47	80781	132.669
48	960	132.376
49	6678	131.27550000000002
50	3693	130.473
51	6696	129.972
52	5029	128.2715
53	7450	125.57000000000001
54	2923	121.9805
55	811	116.77449999999999
56	3123	116.5975
57	3105	100.5845
58	4313	98.8605
59	7058	98.761
60	1294	98.16
61	1634	80.4725
62	7040	80.172
63	1280	78.87100000000001
64	4316	78.0715
65	1285	76.06949999999999
66	7045	75.569
67	1286	74.4675
68	1282	74.3685
69	4052	72.97
70	2199	72.867
71	4811	69.3615
72	3918	68.553
73	3694	68.268
74	5549	68.161
75	3339	67.76050000000001
76	4147	67.6665
77	1287	66.8655
78	1305	66.856
79	1288	66.466
80	284217	66.2595
81	22918	66.16499999999999
82	1284	66.1645
83	3672	65.75450000000001
84	2200	65.25550000000001
85	3026	65.164
86	22795	64.0565
87	5270	63.963499999999996
88	1101	63.67049999999999
89	5008	63.363
90	5653	63.2625
91	351	63.160000000000004
92	1490	63.0585
93	2006	63.056999999999995
94	633	62.762
95	6288	62.757999999999996
96	2192	62.659000000000006
97	1462	59.455
98	5877	59.28150000000001
99	4067	58.9535
100	3915	58.852
101	1839	58.157500000000006
102	1690	58.051
103	4237	57.95399999999999
104	2201	57.3535
105	3716	54.899
106	930	54.415
107	5175	53.3375
108	550	50.6495
109	5747	47.7685
110	1404	46.1515
111	3914	45.1485
112	176	44.6505
113	821	44.568
114	4312	44.15
115	3486	42.646
116	5829	42.161500000000004
117	649	41.447500000000005
118	5340	41.0445
119	4314	40.744
120	63827	40.043
121	6714	39.758
122	7076	39.542500000000004
123	471	39.4985
124	3827	38.7435
125	3227	38.6935
126	2534	37.94199999999999
127	3911	37.842
128	5327	37.340999999999994
129	2147	37.3405
130	5858	36.632999999999996
131	2243	35.94
132	7094	35.4625
133	2244	35.439499999999995
134	4653	35.3415
135	7448	34.435500000000005
136	7042	34.2335
137	4035	33.938
138	3912	33.423500000000004
139	8751	33.201499999999996
140	5054	33.136
141	1796	33.0505
142	912	32.9675
143	2185	32.8555
144	1445	32.741
145	567	32.666999999999994
146	6892	32.466499999999996
147	3135	32.266
148	3488	32.135000000000005
149	3134	32.0655
150	6850	32.053999999999995
151	7525	32.038
152	3133	31.865
153	4145	31.754499999999997
154	6890	31.664499999999997
155	1289	31.6455
156	5328	31.634500000000003
157	164656	31.549
158	5329	31.534000000000002
159	6891	31.464
160	10859	31.2635
161	3932	31.0385
162	5310	30.862000000000002
163	3815	30.845999999999997
164	6464	30.549500000000002
165	2064	30.355
166	5921	30.243000000000002
167	4099	29.945
168	5345	29.932499999999997
169	4054	29.726999999999997
170	867	29.545499999999997
171	2316	29.1055
172	5155	28.8375
173	4982	28.826
174	7043	28.726499999999998
175	5777	28.446500000000004
176	5295	28.444499999999998
177	1399	28.351
178	5781	28.1475
179	2266	28.130000000000003
180	651	28.047000000000004
181	1991	27.932
182	55824	27.7295
183	1956	27.652499999999996
184	9846	27.3365
185	5104	27.328999999999997
186	5034	27.262999999999998
187	2160	27.028499999999998
188	9564	26.952999999999996
189	3684	26.831
190	5335	26.735500000000002
191	7554	26.436500000000002
192	1439	26.339
193	6387	26.3315
194	3717	26.244
195	613	26.0345
196	7535	25.43
197	7035	25.329500000000003
198	2331	25.2245
199	2065	24.933
200	2162	24.8275
201	1511	24.7305
202	53353	24.7255
203	3055	24.725
204	3791	24.7215
205	5336	24.5265
206	2057	24.4395
207	7409	24.4315
208	25	23.726
209	6654	23.7245
210	3937	23.4235
211	2268	22.402
212	5159	22.345
213	1398	22.3425
214	2934	22.2575
215	2889	22.226999999999997
216	5788	21.740000000000002
217	27040	21.623
218	1281	21.5385
219	3691	21.5065
220	4319	21.428
221	2149	21.425
222	1291	21.323
223	11184	21.2225
224	868	21.0125
225	3913	21.005000000000003
226	29760	20.813
227	2885	20.7255
228	337880	19.896
229	10006	19.817500000000003
230	27	19.524
231	6655	19.0115
232	3480	18.6435
233	4690	18.613999999999997
234	2208	18.412
235	2252	18.2225
236	2321	18.119999999999997
237	6452	18.110500000000002
238	2549	17.832
239	7422	17.724
240	7410	17.71
241	10278	17.514499999999998
242	10451	17.511000000000003
243	4224	16.538999999999998
244	3959	16.5215
245	22801	16.281
246	5118	16.237000000000002
247	7373	16.0155
248	3107	15.9595
249	10288	15.859
250	3643	15.841500000000002
251	3680	15.6585
252	3695	15.5565
253	6777	15.448500000000001
254	5156	15.248000000000001
255	6776	15.149000000000001
256	6461	15.122
257	7852	14.730500000000001
258	2066	14.647
259	8174	14.156
260	6774	14.151499999999999
261	50807	14.009
262	10603	13.9405
263	4914	13.728
264	5782	13.519
265	5770	13.434000000000001
266	5795	13.233499999999998
267	6401	12.902000000000001
268	2690	12.735
269	2150	12.321000000000002
270	10818	12.2095
271	5657	12.1205
272	8651	12.031
273	2887	12.020999999999999
274	4233	11.716
275	3635	10.9165
276	2153	10.9075
277	2159	10.4005
278	90070	10.322
279	2157	10.221
280	7006	10.217
281	3718	10.1325
282	1436	10.118500000000001
283	3667	10.029
284	9021	9.936
285	3702	9.712
286	5275	9.619499999999999
287	5296	9.418000000000001
288	8660	9.2285
289	10657	9.113499999999998
290	695	8.7085
291	4018	8.502
292	4321	8.104
293	7454	7.808
294	5771	7.75
295	7297	7.727500000000001
296	354	7.709999999999999
297	5265	7.7095
298	100124696	7.6075
299	3572	7.5205
300	2274	7.419
301	5800	7.405500000000001
302	9402	7.4030000000000005
303	3696	7.108500000000001
304	2161	7.1045
305	6772	6.919499999999999
306	660	6.906999999999999
307	7462	6.6155
308	12	6.309
309	3689	6.217499999999999
310	8076	6.2125
311	3818	6.2025
312	7412	6.1135
313	5793	6.004
314	51454	5.9165
315	3909	5.6115
316	5269	5.5175
317	5787	5.306
318	5354	5.2204999999999995
319	26191	5.2065
320	5580	5.1155
321	7048	5.115
322	7010	5.1045
323	4739	4.903499999999999
324	4323	4.806
325	4322	4.805
326	3082	4.703
327	2242	4.7025
328	4582	4.7005
329	6382	4.5035
330	7078	4.3055
331	3481	4.220000000000001
332	55715	4.137
333	1514	4.118
334	5979	4.1049999999999995
335	9507	3.908
336	6667	3.6185
337	710	3.6015
338	5624	3.3165
339	933	3.114
340	5627	3.0155000000000003
341	1441	2.9175
342	6354	2.9015
343	7056	2.816
344	2260	2.701
345	6670	2.6145
346	3371	2.457
347	3817	2.314
348	5578	2.3045
349	56899	2.252
350	823	2.217
351	2022	2.214
352	7049	2.1135
353	462	2.013
354	919	1.7105000000000001
355	8516	1.6065
356	10750	1.51
357	2213	1.0115
358	94	0.8109999999999999
359	5154	0.8105
360	6383	0.8009999999999999
361	682	0.613
362	5594	0.613
363	5595	0.512
364	5744	0.507
365	25970	0.41100000000000003
366	5796	0.308
367	857	0.2125
368	10019	0.1075
369	3106	0.0785
370	925	0.078
371	10726	0.076
372	4478	0.066
373	2317	0.0625
374	974	0.059
375	973	0.058499999999999996
376	59341	0.057499999999999996
377	921	0.053000000000000005
378	6004	0.032
379	6498	0.0235
380	7980	0.0185
381	3934	0.01
382	558	0.0095
383	2152	0.0095
384	2	0.0095
385	8440	0.009
386	1361	0.009
387	9743	0.0085
388	26085	0.0085
389	640	0.008
390	58512	0.007000000000000001
391	3575	0.006500000000000001
392	1499	0.006
393	1000	0.0055
394	30011	0.005
395	238	0.0045
396	2886	0.004
397	5196	0.0035000000000000005
398	56955	0.0035000000000000005
399	128853	0.003
400	6503	0.0025
401	23607	0.002
402	83747	0.0015
403	7070	0.0015
404	3636	0.001
405	5646	0.001
406	356	0.0005
