rank	node	rank_score
1	5198	159.99949999999998
2	47	158.998
3	8900	157.4975
4	6667	113.699
5	10155	98.0045
6	9631	93.7985
7	5925	85.79400000000001
8	10168	78.3955
9	4654	78.27799999999999
10	8412	77.938
11	672	77.786
12	4605	76.0965
13	4609	75.635
14	1017	75.4865
15	5933	72.09700000000001
16	1022	71.97749999999999
17	1028	71.796
18	1869	71.0945
19	3065	71.0835
20	2099	70.66900000000001
21	890	70.2955
22	2033	68.56949999999999
23	1025	67.574
24	5934	67.491
25	1027	67.4855
26	367	66.7655
27	4088	66.668
28	861	65.967
29	1871	65.69500000000001
30	1020	64.3785
31	6502	64.287
32	1019	64.08099999999999
33	898	63.9875
34	1021	63.782500000000006
35	1018	63.593
36	3066	63.37050000000001
37	1387	63.1665
38	1163	63.084500000000006
39	1874	62.991499999999995
40	91768	62.981500000000004
41	7029	62.793499999999995
42	1026	62.684000000000005
43	9134	62.485
44	896	62.380500000000005
45	7027	61.7925
46	6597	61.268499999999996
47	286826	61.1905
48	10485	60.777
49	51343	60.376
50	7157	60.370000000000005
51	983	60.282
52	10763	60.2765
53	3725	59.465999999999994
54	894	59.07899999999999
55	3925	59.0735
56	84152	58.6745
57	5757	58.471500000000006
58	8793	58.2975
59	7407	57.998000000000005
60	6241	57.972500000000004
61	5127	57.873000000000005
62	2935	57.693000000000005
63	23193	57.395
64	6599	56.8625
65	9611	56.763999999999996
66	4163	56.69449999999999
67	382	56.4935
68	10525	56.394000000000005
69	3615	56.14149999999999
70	8841	55.5635
71	4522	55.49249999999999
72	273	54.971000000000004
73	3106	54.891999999999996
74	1457	54.772000000000006
75	51504	54.591499999999996
76	7421	54.562
77	6598	54.459500000000006
78	6595	53.8605
79	6601	53.661
80	9641	53.3875
81	7189	52.491
82	5902	52.4905
83	1875	52.388
84	56681	51.888999999999996
85	231	51.4895
86	5928	51.383
87	7247	51.083000000000006
88	1936	50.3395
89	27101	50.288
90	136319	49.9865
91	5110	49.576499999999996
92	3312	49.306
93	2035	49.184000000000005
94	54205	48.9855
95	6902	48.787
96	9612	48.564499999999995
97	5564	48.482
98	8407	48.383500000000005
99	1050	48.2675
100	1892	47.6825
101	4942	47.589999999999996
102	3251	47.3815
103	24140	47.178999999999995
104	8202	47.161500000000004
105	8850	46.8365
106	4282	46.781
107	8289	46.7585
108	6872	46.6575
109	6602	46.656
110	1051	46.36
111	25942	46.358
112	873	46.2795
113	10289	45.980000000000004
114	2171	45.6805
115	6908	45.6565
116	54093	45.278499999999994
117	6774	44.911
118	23043	44.775999999999996
119	55920	44.5755
120	5687	44.378
121	6603	43.745
122	5691	43.4775
123	9474	43.348
124	55379	43.336
125	86	43.253
126	3692	43.1475
127	6605	43.144
128	9861	42.876999999999995
129	10726	42.846500000000006
130	5931	42.557
131	5707	42.475
132	3832	42.274
133	5499	41.7715
134	8819	41.5555
135	6604	41.542500000000004
136	51742	41.155
137	5901	41.1475
138	57492	41.142
139	3621	40.7545
140	5700	40.573
141	5688	40.2735
142	5683	40.2715
143	10128	39.984500000000004
144	9219	39.954
145	5719	39.7745
146	2959	39.5415
147	5689	39.269
148	10284	39.153499999999994
149	5682	39.074
150	53615	39.052
151	5977	38.8435
152	1024	38.840999999999994
153	10213	38.472500000000004
154	5702	38.4705
155	5704	38.171
156	5706	38.072
157	5714	37.8685
158	8932	37.846
159	1108	37.6455
160	5718	37.268
161	5693	37.17
162	57459	37.143
163	5721	36.9695
164	5694	36.8675
165	6624	36.8445
166	53981	36.7525
167	39	36.640499999999996
168	54760	36.44
169	4678	36.391999999999996
170	6880	36.3495
171	5430	36.337
172	7155	36.159000000000006
173	8189	36.1515
174	6878	36.150999999999996
175	2962	36.138999999999996
176	5692	36.066500000000005
177	5371	36.022000000000006
178	5695	35.967
179	9412	35.640499999999996
180	23028	35.548500000000004
181	5929	35.45
182	5711	35.366
183	55957	35.2885
184	6883	35.249
185	5713	35.1645
186	4297	35.1505
187	2965	35.0395
188	4087	35.027
189	5690	34.964999999999996
190	5720	34.858
191	5701	34.464
192	10589	34.1375
193	5716	34.0655
194	7704	34.063
195	892	33.838499999999996
196	2960	33.838
197	1107	33.747
198	5685	33.6635
199	5686	33.5625
200	8467	33.4465
201	11091	33.248000000000005
202	1029	33.247
203	6689	33.19
204	5710	33.163
205	5709	32.7615
206	4089	32.665
207	2071	32.5355
208	51377	32.462
209	2967	32.436
210	23198	32.161
211	9343	32.1445
212	9520	32.0435
213	5717	31.859500000000004
214	5705	31.5605
215	11047	31.26
216	5708	31.2575
217	3306	30.959000000000003
218	5684	30.658499999999997
219	2903	30.552999999999997
220	3091	30.210500000000003
221	7277	30.157
222	6240	29.9455
223	81027	29.856
224	7077	29.643
225	10606	29.642500000000002
226	25	29.555500000000002
227	7416	29.540999999999997
228	3303	29.4555
229	2908	29.321500000000004
230	5770	29.25
231	3309	29.1565
232	6714	28.9515
233	302	28.938499999999998
234	9097	28.7545
235	8565	28.532
236	9031	28.4275
237	80227	28.354000000000003
238	10197	28.053499999999996
239	3336	27.831
240	5696	27.752999999999997
241	9112	27.532999999999998
242	11198	27.5265
243	51371	27.452499999999997
244	10627	27.4275
245	5698	27.151999999999997
246	23186	27.133499999999998
247	2688	26.749000000000002
248	23309	26.631999999999998
249	79008	26.5505
250	22824	26.4355
251	548593	26.15
252	54815	26.134000000000004
253	9203	25.9315
254	85509	25.8325
255	3107	25.746
256	5347	25.5485
257	5594	25.538999999999998
258	4791	25.451
259	3784	25.3495
260	2308	24.9345
261	1499	24.933
262	2932	24.2395
263	2274	24.2315
264	60	24.0345
265	51592	23.2135
266	7750	23.131
267	7086	22.944
268	2969	22.9295
269	5970	22.823
270	51317	22.6305
271	11164	22.242
272	23199	22.23
273	11345	22.1325
274	8668	21.939
275	10499	21.923000000000002
276	2665	21.845
277	3360	21.829
278	5358	21.797
279	55193	21.5255
280	10362	21.328
281	51412	21.225
282	10857	21.137
283	7879	20.934
284	196528	20.924500000000002
285	8648	20.915
286	1487	20.625999999999998
287	3320	20.511000000000003
288	4350	20.4345
289	55636	20.124000000000002
290	7345	20.0265
291	2108	19.935
292	6418	19.6335
293	161725	19.2
294	38	18.930500000000002
295	22919	18.84
296	57504	18.821
297	23054	18.814
298	5062	18.6365
299	9978	18.584
300	3799	18.494
301	3030	18.43
302	132660	17.9895
303	4141	17.9885
304	405	17.9075
305	2947	17.529500000000002
306	25996	17.333
307	1981	17.1285
308	91750	16.988999999999997
309	1870	16.791999999999998
310	829	16.329
311	81620	15.5775
312	64426	15.5285
313	142	15.315000000000001
314	6853	15.050999999999998
315	8851	14.947999999999999
316	1759	14.752
317	5058	14.647499999999999
318	1933	14.526
319	4298	14.419
320	10480	14.123500000000002
321	5867	14.0725
322	4332	14.072
323	7067	14.007499999999999
324	3516	13.904
325	10498	13.407
326	5111	13.280000000000001
327	27335	13.224
328	4637	12.923000000000002
329	3646	12.9225
330	7044	12.9165
331	602	12.812999999999999
332	5595	12.8115
333	5981	12.6795
334	891	12.4755
335	573	12.4055
336	8664	12.0215
337	10036	12.0205
338	5468	11.7155
339	3020	11.7065
340	3308	11.620000000000001
341	6256	11.514500000000002
342	3054	11.513
343	8344	11.3205
344	8295	11.3155
345	25855	11.3105
346	9739	11.2125
347	8473	11.012
348	8662	10.818999999999999
349	79595	10.809999999999999
350	5926	10.8095
351	9070	10.711500000000001
352	7417	10.521
353	3622	10.509
354	6223	10.4185
355	7419	10.2195
356	11177	10.1235
357	84312	10.108500000000001
358	8290	10.108
359	5093	9.9375
360	2597	9.822
361	4204	9.6075
362	5469	9.506499999999999
363	10735	9.4185
364	10274	9.3195
365	10202	9.317499999999999
366	1459	9.2265
367	5885	9.2175
368	8243	9.118
369	8663	9.116
370	9126	9.017
371	7528	8.9225
372	3184	8.818000000000001
373	10056	8.717
374	309	7.916499999999999
375	3842	7.915000000000001
376	203068	7.6135
377	2023	7.4155
378	5914	7.215999999999999
379	10399	7.211
380	1974	7.112
381	301	7.0145
382	6304	6.9159999999999995
383	498	6.712999999999999
384	6189	6.708500000000001
385	6204	6.514
386	328	6.328
387	3164	6.2135
388	10728	6.0255
389	689	5.785
390	6886	5.7145
391	196	5.707
392	2771	5.51
393	4311	5.410500000000001
394	654364	5.319
395	3297	5.2035
396	920	5.1114999999999995
397	6830	5.005
398	7431	4.906499999999999
399	904	4.906499999999999
400	3837	4.6095
401	6146	4.609
402	353	4.3315
403	8767	4.027
404	3181	4.008
405	3921	4.007
406	4331	4.003
407	902	4.0024999999999995
408	2068	3.8019999999999996
409	2961	3.8010000000000006
410	3329	3.7075000000000005
411	3187	3.6060000000000003
412	6229	3.6055
413	2966	3.4015
414	2968	3.2004999999999995
415	6206	3.105
416	4869	2.803
417	6749	2.6045000000000003
418	6203	2.604
419	5451	2.107
420	7846	1.9024999999999999
421	6222	1.902
422	9325	1.7094999999999998
423	3326	1.6035
424	6176	1.3005
425	5245	0.9015000000000001
426	2963	0.807
427	5439	0.7085
428	5440	0.611
429	5438	0.5095
430	4691	0.501
431	5436	0.409
432	5435	0.3105
433	1654	0.302
434	5431	0.21000000000000002
435	5241	0.20400000000000001
436	6141	0.2015
437	6996	0.11400000000000002
438	5433	0.10800000000000001
439	57708	0.099
440	342372	0.0985
441	55662	0.098
442	10972	0.0965
443	10959	0.096
444	55851	0.095
445	51341	0.095
446	23385	0.0945
447	6670	0.0945
448	51107	0.094
449	5663	0.0935
450	322	0.093
451	84898	0.0925
452	5664	0.092
453	6446	0.0915
454	83464	0.0915
455	3376	0.091
456	682	0.0905
457	8766	0.09
458	339175	0.0895
459	9255	0.089
460	55798	0.089
461	5917	0.088
462	7087	0.088
463	9521	0.0875
464	351	0.0875
465	1615	0.087
466	22883	0.087
467	51520	0.0865
468	321	0.0865
469	9761	0.086
470	5859	0.086
471	320	0.086
472	2058	0.08549999999999999
473	9546	0.08549999999999999
474	7965	0.08499999999999999
475	23621	0.08499999999999999
476	3735	0.08449999999999999
477	92737	0.08449999999999999
478	4035	0.08399999999999999
479	2617	0.08349999999999999
480	348	0.08349999999999999
481	140545	0.08299999999999999
482	51295	0.08249999999999999
483	56654	0.08249999999999999
484	2	0.08199999999999999
485	2639	0.08149999999999999
486	22983	0.081
487	84106	0.0805
488	54536	0.08
489	1995	0.0795
490	6897	0.079
491	11140	0.079
492	84171	0.0785
493	9361	0.078
494	24138	0.0775
495	5214	0.077
496	3437	0.077
497	5886	0.0765
498	203547	0.076
499	7001	0.076
500	51013	0.0755
501	4998	0.0755
502	9133	0.075
503	4846	0.075
504	6468	0.0745
505	1558	0.074
506	642	0.0735
507	10724	0.0725
508	54850	0.072
509	3337	0.0715
510	1562	0.071
511	1559	0.0705
512	7372	0.06949999999999999
513	57559	0.06899999999999999
514	22976	0.068
515	6812	0.0675
516	51070	0.066
517	4137	0.065
518	7153	0.0595
519	5422	0.057999999999999996
520	7150	0.057499999999999996
521	6117	0.056999999999999995
522	5424	0.056499999999999995
523	5426	0.05550000000000001
524	6119	0.05500000000000001
525	5982	0.05450000000000001
526	4001	0.054000000000000006
527	3978	0.054000000000000006
528	6118	0.053500000000000006
529	5425	0.053000000000000005
530	5557	0.052500000000000005
531	10714	0.052000000000000005
532	54107	0.051500000000000004
533	5558	0.051000000000000004
534	57804	0.0505
535	56655	0.05
536	23649	0.0495
537	857	0.049
538	5427	0.049
539	4000	0.042499999999999996
540	1600	0.041499999999999995
541	207	0.037
542	4741	0.0365
543	7249	0.0355
544	208	0.0335
545	2931	0.0305
546	7764	0.0295
547	1111	0.028999999999999998
548	8667	0.025500000000000002
549	6888	0.025
550	8665	0.025
551	115207	0.0245
552	3172	0.0245
553	8666	0.024
554	51386	0.0235
555	8669	0.023
556	9794	0.0225
557	8661	0.0225
558	8517	0.022
559	10474	0.022
560	2648	0.0215
561	7534	0.020999999999999998
562	6874	0.020999999999999998
563	548596	0.020499999999999997
564	6881	0.020499999999999997
565	51616	0.02
566	6882	0.0195
567	6877	0.019
568	204	0.0185
569	6879	0.0185
570	4831	0.018
571	6884	0.018
572	51727	0.017499999999999998
573	6873	0.017499999999999998
574	1778	0.017
575	83860	0.017
576	2957	0.0165
577	2958	0.016
578	64431	0.0155
579	8464	0.0155
580	11171	0.015
581	10629	0.015
582	4794	0.014499999999999999
583	27097	0.014499999999999999
584	808	0.014000000000000002
585	6875	0.014000000000000002
586	10010	0.013500000000000002
587	129685	0.013500000000000002
588	6314	0.013000000000000001
589	6871	0.0125
590	2353	0.012
591	117143	0.0115
592	9913	0.011
593	4851	0.01
594	4790	0.0095
595	4193	0.009
596	5971	0.008
597	5432	0.0075
598	51763	0.0075
599	5434	0.006500000000000001
600	5437	0.006
601	7068	0.006
602	5441	0.0055
603	6613	0.005
604	26015	0.005
605	9150	0.0045
606	5599	0.004
607	6175	0.0035000000000000005
608	399511	0.003
609	404672	0.0025
610	6917	0.002
611	6191	0.001
612	3932	0.0005
