rank	node	rank_score
1	84676	178.49650000000003
2	58	178.099
3	87	174.69850000000002
4	2885	167.5925
5	51086	154.998
6	64750	152.097
7	8557	150.696
8	8790	148.9975
9	29995	148.0955
10	58529	148.095
11	70	147.094
12	221692	144.082
13	2318	143.4945
14	6714	134.07999999999998
15	4627	129.8915
16	5578	127.893
17	85477	125.8835
18	1956	125.28699999999999
19	91977	124.5895
20	81	124.09200000000001
21	11155	123.48800000000001
22	9712	120.39099999999999
23	1264	110.77799999999999
24	88	108.49000000000001
25	4703	104.98499999999999
26	3780	104.1845
27	5782	102.26599999999999
28	5770	101.881
29	5747	101.25800000000001
30	339855	99.8885
31	7125	97.88550000000001
32	5581	96.284
33	4070	94.7905
34	125950	92.38250000000001
35	3643	90.57950000000001
36	79778	89.789
37	4233	88.5705
38	60312	87.38050000000001
39	7534	86.107
40	5580	84.57849999999999
41	5788	78.85900000000001
42	7139	78.8
43	5781	73.7655
44	9172	73.488
45	2534	72.7745
46	5530	72.67949999999999
47	3667	72.56800000000001
48	57175	72.0765
49	5335	72.0565
50	5590	71.676
51	5829	71.657
52	9564	70.95750000000001
53	142678	70.7865
54	5532	69.1785
55	5566	67.686
56	5587	67.309
57	1601	66.074
58	6464	65.4735
59	5579	61.704499999999996
60	2934	61.294000000000004
61	6876	61.275
62	5588	60.7105
63	25	59.5755
64	867	59.364
65	5159	59.07000000000001
66	2185	58.46
67	5295	58.17100000000001
68	5894	58.1005
69	7134	56.9995
70	1398	56.768499999999996
71	1445	56.548500000000004
72	2889	55.16949999999999
73	7138	54.293499999999995
74	7136	54.086
75	3717	53.654999999999994
76	2904	52.5065
77	3932	51.046
78	613	50.856
79	1399	50.662
80	57007	50.4815
81	5777	50.2875
82	2549	49.767
83	2064	49.554500000000004
84	7431	48.257
85	6624	48.090999999999994
86	5338	47.575
87	4914	46.3675
88	6655	46.0715
89	10818	45.463499999999996
90	5170	45.411500000000004
91	3480	44.963
92	7409	44.9505
93	4067	43.9525
94	2316	43.676
95	5583	43.584500000000006
96	3315	43.569
97	11184	43.459500000000006
98	5921	43.3555
99	4690	43.251999999999995
100	5582	42.778999999999996
101	6654	42.7645
102	58512	42.74550000000001
103	5734	42.6765
104	5584	42.577999999999996
105	4900	42.484
106	9267	42.2815
107	6850	42.251
108	9846	41.9615
109	3815	41.654
110	1103	41.5615
111	120	41.2795
112	3875	41.0475
113	2893	40.4775
114	2057	39.9535
115	56955	39.861000000000004
116	2705	39.581
117	65108	39.577
118	1072	39.4765
119	881	38.899
120	2065	38.753
121	10451	38.5625
122	7135	37.783
123	2915	37.58
124	3150	37.3575
125	9033	37.285000000000004
126	80831	37.269
127	433	37.176
128	5787	37.126999999999995
129	7037	36.874
130	506	36.690999999999995
131	5310	36.67100000000001
132	815	36.584
133	85476	36.388
134	5568	36.1505
135	27	36.143
136	2560	36.0625
137	7504	35.972500000000004
138	10006	35.839999999999996
139	3937	35.5495
140	10278	35.248000000000005
141	5795	34.9445
142	55824	34.55
143	2890	34.4655
144	5336	34.445
145	4842	34.373000000000005
146	5243	34.364
147	5156	34.3335
148	26353	34.266
149	7535	34.2585
150	5567	34.2475
151	10603	34.235
152	324	34.0815
153	53405	33.996
154	624	33.8805
155	29760	33.749
156	9266	33.67
157	84665	33.584500000000006
158	5341	33.467
159	89	33.284000000000006
160	6199	33.2715
161	7094	33.1715
162	1796	33.1475
163	128853	33.0435
164	2566	32.955
165	135	32.88
166	6776	32.736000000000004
167	4950	32.3605
168	1267	32.171
169	50807	32.132999999999996
170	4892	32.096500000000006
171	4130	32.0775
172	200539	31.9815
173	10529	31.883500000000005
174	6401	31.8755
175	25780	31.8745
176	10399	31.5205
177	89795	31.477999999999998
178	119	31.362000000000002
179	150	31.2555
180	7454	31.038999999999998
181	868	30.742
182	960	30.6695
183	2673	30.349
184	8682	30.254499999999997
185	27040	30.244
186	9421	30.0425
187	83747	29.938499999999998
188	118	29.853499999999997
189	2561	29.752999999999997
190	4780	29.45
191	6777	29.237000000000002
192	3105	29.047000000000004
193	8736	28.846500000000002
194	2911	28.6675
195	301	28.558
196	917	28.464999999999996
197	3055	28.440999999999995
198	2243	28.348000000000003
199	3716	27.5365
200	4225	27.451999999999998
201	846	27.262999999999998
202	695	27.234500000000004
203	1439	26.834000000000003
204	2690	26.3375
205	94274	25.859
206	6772	25.822000000000003
207	7462	25.547
208	7408	25.4745
209	7074	25.361
210	3706	24.942
211	5800	24.912
212	302	24.8565
213	5793	24.6325
214	54866	24.438499999999998
215	5066	24.357
216	7006	24.3315
217	2670	24.2455
218	60	24.183
219	2137	24.065
220	3269	23.6415
221	8826	23.278
222	10657	22.6305
223	5595	22.428
224	2066	22.232
225	5979	22.118000000000002
226	2931	22.0285
227	6461	22.0255
228	2152	21.8525
229	445815	21.8465
230	1080	21.746
231	6452	21.3425
232	6774	21.338
233	10750	21.130000000000003
234	3702	20.829500000000003
235	57190	20.7135
236	1499	20.105
237	3689	20.055500000000002
238	818	19.6355
239	408	19.564
240	1747	19.397
241	2887	18.9285
242	9993	18.6965
243	8651	18.531
244	55715	18.511000000000003
245	4985	18.4335
246	156	18.1405
247	8660	18.1245
248	4582	17.9775
249	56995	17.6515
250	3280	17.4315
251	10391	17.3975
252	1465	17.3865
253	6236	17.34
254	1500	17.179
255	2321	17.1415
256	4638	17.0815
257	154	16.930500000000002
258	3560	16.823500000000003
259	4082	16.7515
260	4001	16.741
261	3725	16.681
262	7837	16.572499999999998
263	5296	16.529
264	2769	16.429000000000002
265	10019	16.402
266	3749	16.3685
267	2697	16.253999999999998
268	2781	16.232
269	2902	16.056
270	3017	16.036
271	84952	15.782499999999999
272	3691	15.749500000000001
273	9743	15.606
274	65125	15.484
275	26191	15.4405
276	5594	15.116499999999998
277	4215	14.780000000000001
278	10287	14.731
279	2209	14.627500000000001
280	7297	14.621
281	7010	14.608500000000001
282	23230	14.505500000000001
283	1674	14.385499999999999
284	29109	14.2785
285	7145	14.171000000000001
286	3635	14.135499999999999
287	64926	13.979499999999998
288	4000	13.8595
289	3326	13.831999999999999
290	90102	13.769
291	51474	13.6675
292	6709	13.5725
293	11035	13.374500000000001
294	23164	13.263499999999999
295	1495	13.172999999999998
296	572	13.166999999999998
297	23603	12.9715
298	3718	12.925999999999998
299	71	12.779
300	27071	12.7185
301	409	12.6615
302	11033	12.656
303	1436	12.5605
304	30011	12.41
305	114625	12.371500000000001
306	9021	12.3225
307	6711	12.2735
308	9338	12.23
309	25970	12.22
310	285855	12.0445
311	6414	11.97
312	857	11.817499999999999
313	100124696	11.815000000000001
314	7531	11.777
315	9229	11.7545
316	4628	11.6765
317	821	11.6515
318	9749	11.637
319	85358	11.5655
320	801	11.4455
321	823	11.3605
322	1213	11.2655
323	7532	11.0695
324	9402	11.0265
325	6915	10.845
326	3320	10.8185
327	8853	10.756499999999999
328	4689	10.550999999999998
329	2037	10.466
330	5337	10.176
331	7316	10.016
332	7410	9.9215
333	4486	9.8125
334	27240	9.7395
335	6792	9.473
336	3791	9.225
337	64714	9.1615
338	2213	9.123000000000001
339	930	9.013
340	26064	8.765
341	4869	8.5445
342	4739	8.4495
343	334	8.4145
344	3312	8.414
345	7442	8.352500000000001
346	999	8.206
347	634	8.083499999999999
348	3554	7.726000000000001
349	558	7.605500000000001
350	7525	7.523999999999999
351	3572	7.419499999999999
352	9495	7.415000000000001
353	2268	7.1095
354	207	6.911500000000001
355	6383	6.911499999999999
356	6944	6.833
357	1441	6.503
358	81875	6.2604999999999995
359	490	6.218500000000001
360	933	6.116
361	660	5.817
362	5796	5.807
363	817	5.7255
364	3559	5.505
365	919	5.3125
366	8440	5.1034999999999995
367	816	4.814
368	488	4.618
369	7852	4.6075
370	9590	4.527
371	5506	4.4784999999999995
372	1386	4.2245
373	401152	4.0165
374	1000	3.8015
375	7430	3.6265
376	238	3.505
377	5175	3.408
378	5287	3.1215
379	4058	2.904
380	1154	2.601
381	688	2.5075
382	29886	1.6199999999999999
383	3575	1.419
384	54923	0.9045
385	5132	0.8285
386	23624	0.5665
387	974	0.4025
388	139716	0.21400000000000002
389	121512	0.098
390	6698	0.0975
391	9332	0.097
392	54795	0.093
393	2638	0.089
394	3769	0.0885
395	3708	0.0875
396	22885	0.087
397	5502	0.086
398	131890	0.08549999999999999
399	2059	0.08449999999999999
400	151242	0.08349999999999999
401	7798	0.08199999999999999
402	7700	0.081
403	6098	0.081
404	137735	0.0805
405	27063	0.0805
406	59	0.08
407	6525	0.08
408	2764	0.0775
409	3741	0.077
410	1773	0.077
411	359	0.077
412	7429	0.0755
413	23108	0.0755
414	9499	0.075
415	1073	0.074
416	344148	0.074
417	10580	0.0735
418	9054	0.072
419	8936	0.0705
420	6581	0.0685
421	55778	0.0685
422	81543	0.068
423	10611	0.068
424	15	0.068
425	11250	0.067
426	5339	0.067
427	2317	0.066
428	58480	0.065
429	92591	0.0645
430	64784	0.0645
431	8529	0.0625
432	4033	0.0625
433	54477	0.062
434	22927	0.0615
435	7277	0.0595
436	7314	0.059
437	84790	0.059
438	10971	0.057999999999999996
439	29998	0.05600000000000001
440	6543	0.05600000000000001
441	9228	0.05550000000000001
442	673	0.05550000000000001
443	7082	0.05550000000000001
444	7529	0.052500000000000005
445	6712	0.052500000000000005
446	9784	0.052000000000000005
447	7287	0.052000000000000005
448	54434	0.052000000000000005
449	10369	0.052000000000000005
450	2533	0.051000000000000004
451	2597	0.051000000000000004
452	4659	0.0505
453	22941	0.05
454	7846	0.05
455	22839	0.0495
456	51306	0.0495
457	203068	0.049
458	3151	0.048
459	51762	0.048
460	8470	0.0475
461	2554	0.047
462	2023	0.047
463	1795	0.046
464	1003	0.046
465	498	0.046
466	27175	0.0455
467	7533	0.045
468	4637	0.0445
469	3303	0.044
470	3184	0.043
471	9103	0.042499999999999996
472	309	0.041499999999999995
473	9793	0.040999999999999995
474	10056	0.0405
475	1654	0.04
476	171024	0.0395
477	3187	0.0395
478	23136	0.039
479	3837	0.039
480	10202	0.0385
481	7417	0.038
482	7419	0.0375
483	27335	0.037
484	3329	0.0365
485	2562	0.036
486	10480	0.036
487	3842	0.0355
488	8662	0.034999999999999996
489	3646	0.034499999999999996
490	1933	0.034
491	7416	0.0335
492	8663	0.033
493	8664	0.0325
494	8344	0.0315
495	3178	0.031
496	8471	0.0305
497	1974	0.0305
498	2771	0.03
499	6223	0.0295
500	6204	0.028999999999999998
501	8668	0.028499999999999998
502	2130	0.028000000000000004
503	920	0.028000000000000004
504	10128	0.027500000000000004
505	3921	0.027000000000000003
506	3181	0.026500000000000003
507	6206	0.026000000000000002
508	4311	0.025500000000000002
509	1457	0.025
510	6146	0.025
511	7275	0.0245
512	8348	0.0245
513	5901	0.0245
514	6202	0.024
515	4691	0.0235
516	6749	0.023
517	6229	0.0225
518	6175	0.022
519	2260	0.0215
520	1655	0.0215
521	1742	0.020499999999999997
522	6176	0.020499999999999997
523	5771	0.02
524	6191	0.02
525	6222	0.0195
526	5245	0.019
527	356	0.0185
528	7054	0.0185
529	6141	0.0185
530	5618	0.018
531	6130	0.018
532	3781	0.017499999999999998
533	4904	0.017499999999999998
534	6207	0.017
535	6135	0.0165
536	6201	0.016
537	640	0.0155
538	3190	0.0155
539	5786	0.0155
540	6129	0.0155
541	916	0.015
542	6203	0.015
543	3561	0.014499999999999999
544	2242	0.014499999999999999
545	6189	0.014499999999999999
546	1969	0.014000000000000002
547	6125	0.014000000000000002
548	6156	0.013500000000000002
549	6170	0.013000000000000001
550	72	0.0125
551	6667	0.012
552	7311	0.012
553	9349	0.0115
554	6181	0.011
555	3636	0.010499999999999999
556	6128	0.010499999999999999
557	6160	0.01
558	3690	0.0095
559	8971	0.0095
560	9221	0.009
561	6949	0.0085
562	6218	0.008
563	497661	0.0075
564	6235	0.007000000000000001
565	6217	0.006500000000000001
566	5058	0.006
567	6136	0.006
568	6727	0.0055
569	1938	0.005
570	9020	0.0045
571	3566	0.004
572	8835	0.004
573	55131	0.004
574	3454	0.0035000000000000005
575	6209	0.0035000000000000005
576	4915	0.003
577	6205	0.003
578	55681	0.0025
579	25873	0.002
580	53358	0.0015
581	6133	0.0015
582	23607	0.001
583	6173	0.001
584	6165	0.0005
