rank	node	rank_score
1	55330	180.1
2	63915	178.99949999999998
3	84343	178.399
4	2647	177.4985
5	282991	176.498
6	26258	175.5975
7	23557	174.697
8	10947	173.7965
9	10239	172.89600000000002
10	1176	171.9955
11	8120	171.095
12	26985	170.1945
13	8943	169.294
14	928	168.2935
15	961	167.0925
16	7781	166.293
17	2811	166.192
18	7057	164.5915
19	3688	163.99099999999999
20	3675	162.7905
21	7106	161.79000000000002
22	7052	159.88899999999998
23	2335	158.1885
24	3673	157.6895
25	3678	157.1875
26	1278	155.686
27	1277	155.4865
28	80781	153.587
29	1293	153.388
30	4318	152.7855
31	6678	151.885
32	4856	150.78400000000002
33	3685	150.7825
34	27329	148.277
35	1490	145.6835
36	4313	143.273
37	7040	142.57350000000002
38	1634	140.875
39	3386	140.542
40	1280	138.274
41	1285	137.8775
42	3339	136.483
43	7045	136.27550000000002
44	2199	136.0805
45	4811	135.9815
46	1286	135.0745
47	5549	134.68
48	1282	133.776
49	284217	132.18099999999998
50	7450	130.6845
51	2192	130.482
52	1294	129.67249999999999
53	4147	127.571
54	1305	127.27950000000001
55	1287	126.269
56	1288	125.9695
57	3672	125.179
58	22918	124.97
59	1284	124.2705
60	3026	123.46849999999999
61	3676	123.3395
62	22795	123.27649999999998
63	5270	122.268
64	5008	121.16749999999999
65	5653	120.367
66	6288	119.87150000000001
67	351	119.2665
68	7058	118.73800000000001
69	550	118.67849999999999
70	3918	117.572
71	633	117.56599999999999
72	1101	116.26050000000001
73	2006	115.8655
74	3655	115.05850000000001
75	2200	113.165
76	4237	112.1645
77	3684	111.54400000000001
78	1690	110.4625
79	967	109.94449999999999
80	2201	109.26399999999998
81	3915	109.16
82	4052	108.3635
83	3732	108.348
84	2923	107.061
85	977	106.55250000000001
86	975	105.9385
87	5738	104.84049999999999
88	3914	103.65950000000001
89	649	101.259
90	164656	101.178
91	811	101.062
92	963	99.033
93	651	96.758
94	3491	93.2565
95	3827	89.063
96	1462	88.434
97	1289	87.357
98	2147	86.854
99	4035	85.9475
100	3693	85.7415
101	4099	84.9555
102	5327	83.852
103	5340	83.451
104	2243	83.15299999999999
105	2244	82.95349999999999
106	5155	81.346
107	6696	80.541
108	3911	79.3505
109	4316	79.239
110	2515	79.1815
111	3486	78.9495
112	960	76.63550000000001
113	8754	76.5275
114	1404	74.4325
115	1839	73.8345
116	8076	73.6575
117	5029	72.5245
118	5328	71.95
119	2266	71.4435
120	5104	71.3515
121	176	70.53150000000001
122	7448	69.843
123	5054	69.7465
124	4982	69.5375
125	4314	69.13199999999999
126	7076	68.83099999999999
127	5329	67.9425
128	4312	67.93050000000001
129	5345	66.6485
130	1511	66.34700000000001
131	63827	66.03
132	2160	65.849
133	3912	65.256
134	3488	64.94
135	1291	63.855
136	1991	62.24549999999999
137	2162	59.437
138	4653	59.023
139	4319	58.527
140	53353	57.936
141	3959	56.45450000000001
142	3679	55.82000000000001
143	6387	55.73350000000001
144	7035	53.928
145	3694	51.9225
146	2252	49.523
147	2149	49.144999999999996
148	1281	48.424
149	90070	44.513999999999996
150	7422	43.3185
151	5118	40.5145
152	950	35.0475
153	7070	34.6235
154	3696	31.9125
155	821	31.142000000000003
156	4323	30.613
157	5354	30.041499999999996
158	4321	26.028499999999998
159	4224	25.715999999999998
160	2157	25.528
161	6382	24.72
162	4018	24.628999999999998
163	3082	23.8205
164	7094	22.936500000000002
165	3689	22.6295
166	5310	22.3615
167	2161	22.1255
168	51454	21.729
169	3818	21.7215
170	4322	21.122999999999998
171	7078	20.6225
172	2208	20.1285
173	3934	18.3035
174	6354	18.119
175	3909	17.426
176	2150	17.1275
177	5747	15.934999999999999
178	2159	14.426499999999999
179	462	14.013
180	710	13.9175
181	5829	13.726499999999998
182	354	13.517500000000002
183	2153	13.425
184	5269	13.126
185	3680	12.719
186	5624	12.4245
187	5858	12.217
188	7412	12.119499999999999
189	5627	11.424000000000001
190	3695	11.0205
191	12	11.018
192	7042	10.7165
193	7373	10.419
194	8174	10.115
195	3817	10.113499999999998
196	5657	9.9185
197	8516	9.7245
198	5265	9.616
199	6383	9.5095
200	4054	9.4155
201	823	9.1005
202	7043	9.015
203	3691	8.5255
204	56899	8.3065
205	4192	7.218000000000001
206	2331	6.914
207	3913	6.425
208	4036	6.3020000000000005
209	4060	5.717499999999999
210	3481	5.512
211	2534	5.1240000000000006
212	9507	4.6145
213	5275	4.516
214	2316	4.221
215	2185	4.0215000000000005
216	5196	4.009
217	2934	3.722
218	6401	3.718
219	7980	3.7060000000000004
220	1796	3.4115
221	9479	3.3064999999999998
222	2	3.211
223	1361	2.9105
224	6714	2.7135000000000002
225	1990	2.6100000000000003
226	3485	2.6100000000000003
227	8038	2.6079999999999997
228	2317	2.512
229	7525	2.409
230	4067	2.2095
231	5175	2.1085000000000003
232	4145	1.906
233	1445	1.7109999999999999
234	2268	1.6035
235	3371	1.5125
236	3815	1.5025
237	7049	1.4075
238	2247	1.307
239	9564	1.2155
240	6464	1.1105
241	867	1.002
242	5335	0.701
243	5781	0.6005
244	7414	0.317
245	26085	0.20800000000000002
246	5295	0.205
247	6850	0.1055
248	5199	0.0915
249	2274	0.019
250	7041	0.0165
251	5782	0.014499999999999999
252	8751	0.0115
253	1956	0.01
254	7018	0.0095
255	3053	0.009
256	1399	0.0075
257	1514	0.0075
258	2064	0.007000000000000001
259	1601	0.007000000000000001
260	6670	0.007000000000000001
261	931	0.006500000000000001
262	3479	0.006500000000000001
263	3493	0.006
264	5646	0.0055
265	213	0.005
266	3480	0.0045
267	2321	0.0045
268	3500	0.0045
269	5921	0.004
270	3791	0.004
271	79691	0.0035000000000000005
272	2065	0.003
273	7276	0.003
274	2324	0.0025
275	335	0.0025
276	3932	0.002
277	341	0.002
278	1436	0.0015
279	1439	0.0015
280	28916	0.0015
