rank	node	rank_score
1	64109	180.0
2	51561	178.8995
3	3594	177.999
4	3595	177.0985
5	3592	176.198
6	6775	175.0975
7	5058	174.796
8	3459	174.397
9	3460	173.69650000000001
10	3718	149.69549999999998
11	6776	148.695
12	6777	147.493
13	3716	147.3945
14	6774	146.794
15	3560	145.5935
16	6772	144.6925
17	5771	143.99200000000002
18	55250	143.3915
19	3559	142.59099999999998
20	3561	142.2905
21	7852	140.79000000000002
22	1234	139.9895
23	6773	139.189
24	2690	138.0885
25	8651	136.68800000000002
26	5159	136.3865
27	5781	135.8875
28	5156	134.786
29	7297	134.3835
30	5777	133.3845
31	9021	132.68699999999998
32	5295	131.984
33	6464	131.6855
34	3572	131.38299999999998
35	8660	129.8825
36	3566	128.78199999999998
37	3667	127.5815
38	3643	127.08099999999999
39	2185	126.785
40	3480	126.0805
41	5747	124.58
42	5770	122.1795
43	1399	122.17849999999999
44	1956	121.579
45	2057	120.877
46	6850	120.3765
47	2064	119.9775
48	867	119.176
49	1398	118.27799999999999
50	7409	117.87550000000002
51	5788	116.77449999999999
52	4067	115.57350000000001
53	51207	114.8955
54	10603	113.9725
55	3815	112.772
56	6714	112.274
57	2065	111.475
58	2534	110.97
59	2885	110.373
60	5921	110.37150000000001
61	5335	108.5705
62	613	108.37100000000001
63	1439	107.96849999999999
64	3932	107.569
65	9846	107.06949999999999
66	4914	103.8655
67	5336	100.7645
68	2321	100.5635
69	7535	98.85799999999999
70	5296	98.263
71	6461	98.256
72	3937	97.457
73	2549	97.166
74	6654	97.1615
75	55824	96.95750000000001
76	5795	96.4665
77	27040	96.35650000000001
78	5829	96.06800000000001
79	1445	95.66749999999999
80	3791	95.655
81	8740	95.19500000000001
82	3635	93.464
83	3055	92.9625
84	1796	92.867
85	1436	90.862
86	7006	90.66499999999999
87	5580	90.1585
88	25	90.06
89	11184	89.9555
90	9564	89.461
91	4233	89.0595
92	2889	88.4605
93	5782	87.059
94	7525	84.554
95	2887	83.25450000000001
96	10657	82.8505
97	10006	81.5535
98	27	81.353
99	4690	80.4525
100	868	78.651
101	29760	78.3515
102	10818	77.752
103	10451	77.546
104	3702	76.45
105	10278	74.64750000000001
106	695	74.1495
107	6655	74.1465
108	660	73.349
109	2066	73.047
110	100124696	72.5485
111	6452	72.44500000000001
112	7454	71.748
113	5800	69.34549999999999
114	2268	69.3445
115	50807	67.444
116	30011	66.143
117	26191	66.0435
118	5787	63.5415
119	9402	62.94200000000001
120	5793	62.442499999999995
121	558	62.239999999999995
122	2242	61.8405
123	7010	60.940999999999995
124	5979	59.438
125	7410	58.339
126	55715	58.3375
127	5175	58.0395
128	4582	57.1385
129	1441	56.337
130	7462	54.036
131	4486	52.036500000000004
132	930	50.933499999999995
133	857	49.935500000000005
134	5595	49.335
135	2260	48.730000000000004
136	933	48.532
137	2213	48.4345
138	5594	47.434000000000005
139	5796	47.433
140	8440	47.429500000000004
141	9743	46.82899999999999
142	25970	46.332499999999996
143	1499	45.7285
144	1000	44.528
145	10750	44.327
146	4739	43.5265
147	919	42.7315
148	3454	42.427499999999995
149	5170	41.531
150	10019	40.4305
151	56955	38.923500000000004
152	23607	37.226
153	128853	35.0225
154	238	34.320499999999996
155	58512	34.1255
156	83747	33.222
157	2886	33.12
158	640	32.225
159	58480	31.321500000000004
160	9103	31.1245
161	974	30.924
162	3636	30.721000000000004
163	53358	29.6195
164	356	29.423000000000002
165	4915	28.3185
166	940	25.819
167	6503	25.318
168	27071	23.816
169	916	23.717000000000002
170	50852	22.9165
171	3690	22.517500000000002
172	8853	21.215
173	6004	20.2155
174	2731	18.9945
175	8503	18.714499999999997
176	2533	18.7135
177	7275	18.209
178	23624	16.412
179	80831	16.313
180	8835	15.4785
181	1969	15.210500000000001
182	1795	15.108500000000001
183	2209	15.014
184	9046	13.91
185	25759	13.307999999999998
186	5338	12.4115
187	27240	12.3125
188	973	9.2095
189	5578	8.9065
190	921	7.606999999999999
191	10399	7.205500000000001
192	1154	6.800999999999999
193	5581	5.904999999999999
194	3563	5.9005
195	5587	5.2045
196	64714	4.5085
197	2904	4.504
198	2048	3.5035
199	139716	2.806
200	5579	2.6015
201	5894	1.6030000000000002
202	5287	1.2025000000000001
203	85358	1.111
204	5590	0.6025
205	5618	0.602
206	9229	0.40750000000000003
207	6237	0.202
208	5588	0.20099999999999998
209	8751	0.1075
210	4058	0.10200000000000001
211	7186	0.0945
212	83862	0.0945
213	7187	0.094
214	275	0.094
215	4055	0.0935
216	1757	0.0935
217	7188	0.093
218	2653	0.093
219	10771	0.0925
220	285216	0.0925
221	56616	0.092
222	10797	0.092
223	330	0.0915
224	6470	0.0915
225	27429	0.091
226	25902	0.091
227	939	0.0905
228	4522	0.0905
229	7185	0.09
230	80025	0.09
231	55504	0.0895
232	6472	0.0895
233	51330	0.089
234	4524	0.089
235	27018	0.0885
236	168544	0.0885
237	7298	0.0885
238	7293	0.088
239	2356	0.088
240	3604	0.0875
241	286297	0.0875
242	10913	0.087
243	10588	0.087
244	8744	0.0865
245	10841	0.0865
246	943	0.086
247	55217	0.086
248	8784	0.08549999999999999
249	1719	0.08549999999999999
250	329	0.08499999999999999
251	8737	0.08449999999999999
252	958	0.08399999999999999
253	51567	0.08349999999999999
254	10758	0.08299999999999999
255	7189	0.08249999999999999
256	8767	0.08199999999999999
257	4804	0.08149999999999999
258	4591	0.081
259	9618	0.0805
260	148022	0.08
261	8792	0.0795
262	9020	0.079
263	8915	0.0785
264	8717	0.078
265	113457	0.0775
266	7132	0.077
267	3305	0.0765
268	7278	0.076
269	3301	0.0755
270	71	0.075
271	6885	0.0745
272	23118	0.074
273	10382	0.0735
274	7133	0.073
275	790	0.0725
276	3551	0.072
277	8517	0.0715
278	26133	0.071
279	1147	0.0705
280	10010	0.06999999999999999
281	3313	0.06949999999999999
282	29110	0.06899999999999999
283	808	0.0685
284	11035	0.068
285	1326	0.0675
286	805	0.067
287	4790	0.0665
288	3303	0.066
289	4792	0.0655
290	4791	0.065
291	4794	0.0645
292	92609	0.064
293	4793	0.0635
294	5971	0.063
295	203068	0.0625
296	1213	0.062
297	3312	0.0615
298	5970	0.061
299	9532	0.0605
300	3320	0.06
301	3309	0.0595
302	4215	0.059
303	801	0.058499999999999996
304	5966	0.057999999999999996
305	4214	0.057499999999999996
306	3310	0.056999999999999995
307	347733	0.056499999999999995
308	10454	0.05600000000000001
309	7314	0.05550000000000001
310	220717	0.05500000000000001
311	3326	0.05450000000000001
312	9641	0.054000000000000006
313	7316	0.053500000000000006
314	708	0.053000000000000005
315	4646	0.052500000000000005
316	11140	0.052000000000000005
317	6233	0.051500000000000004
318	7311	0.051000000000000004
319	841	0.0505
320	409	0.05
321	5134	0.0495
322	2734	0.049
323	8607	0.0485
324	150684	0.048
325	10892	0.0475
326	64343	0.047
327	7763	0.0465
328	4628	0.046
329	331	0.0455
330	3654	0.045
331	9093	0.0445
332	408	0.044
333	1917	0.0435
334	9131	0.043
335	2289	0.042499999999999996
336	257397	0.041999999999999996
337	6156	0.041499999999999995
338	10788	0.040999999999999995
339	9462	0.0405
340	10849	0.04
341	23291	0.0395
342	84172	0.039
343	4528	0.0385
344	51082	0.038
345	64425	0.0375
346	5437	0.037
347	6500	0.0365
348	10128	0.036
349	8454	0.0355
350	5441	0.034999999999999996
351	3838	0.034499999999999996
352	25885	0.034
353	4163	0.0335
354	7415	0.033
355	6207	0.0325
356	1654	0.032
357	6128	0.0315
358	2969	0.031
359	10856	0.0305
360	6232	0.03
361	9349	0.0295
362	6205	0.028999999999999998
363	292	0.028499999999999998
364	6188	0.028000000000000004
365	10985	0.027500000000000004
366	6202	0.027000000000000003
367	293	0.026500000000000003
368	2058	0.026000000000000002
369	6191	0.025500000000000002
370	2091	0.025
371	6135	0.0245
372	6217	0.024
373	6208	0.0235
374	6189	0.023
375	6224	0.0225
376	6141	0.022
377	4869	0.0215
378	6204	0.020999999999999998
379	6130	0.020499999999999997
380	6129	0.02
381	6222	0.0195
382	6203	0.019
383	6146	0.0185
384	6229	0.018
385	6223	0.017499999999999998
386	6181	0.017
387	6193	0.0165
388	6124	0.016
389	6132	0.0155
390	6206	0.015
391	6169	0.014499999999999999
392	25873	0.014000000000000002
393	2197	0.013500000000000002
394	6122	0.013000000000000001
395	6218	0.0125
396	6171	0.012
397	140032	0.0115
398	6192	0.011
399	6167	0.010499999999999999
400	6227	0.01
401	6164	0.0095
402	3921	0.009
403	6231	0.0085
404	6161	0.008
405	6230	0.0075
406	6234	0.007000000000000001
407	6170	0.006500000000000001
408	497661	0.006
409	6209	0.0055
410	6173	0.005
411	6133	0.0045
412	6235	0.004
413	6176	0.0035000000000000005
414	6155	0.003
415	4736	0.0025
416	6210	0.002
417	6125	0.0015
418	11224	0.001
419	8471	0.0005
420	960	0.0005
421	6152	0.0005
