rank	node	rank_score
1	90	150.999
2	1499	136.447
3	7046	119.8
4	4087	94.1905
5	57154	93.686
6	23551	92.876
7	51285	91.8815
8	4088	91.277
9	64750	91.084
10	4086	91.07300000000001
11	4092	90.088
12	4089	90.0855
13	23682	89.275
14	83871	88.9705
15	4091	88.0745
16	658	87.8755
17	7048	87.297
18	8878	86.974
19	121268	86.77250000000001
20	84085	86.37100000000001
21	117583	85.67150000000001
22	29984	84.7795
23	6233	84.57000000000001
24	140901	83.269
25	64718	81.478
26	55827	81.263
27	91	80.69
28	7311	80.36699999999999
29	10273	80.2625
30	7316	80.2025
31	7314	79.2545
32	1147	78.5435
33	5058	78.3185
34	51176	77.9605
35	10617	77.662
36	11171	77.642
37	9459	76.768
38	7186	76.465
39	57111	76.4615
40	28512	74.5675
41	9392	73.691
42	860	73.661
43	26994	72.654
44	55761	72.46549999999999
45	10892	70.6535
46	80243	70.18350000000001
47	6885	70.149
48	6714	69.6845
49	7189	68.75750000000001
50	7763	66.353
51	6774	64.0965
52	25946	63.1425
53	331	62.5415
54	65259	61.8685
55	3654	61.141
56	23118	60.9365
57	2690	60.1
58	6777	59.4985
59	10454	59.1395
60	841	59.036
61	57381	58.846000000000004
62	142891	58.699
63	207	58.659000000000006
64	8517	58.140499999999996
65	6776	57.897000000000006
66	5159	57.798
67	3716	57.496
68	2033	57.4465
69	79674	57.266
70	3718	56.6885
71	3717	56.19449999999999
72	5781	56.095000000000006
73	8915	56.0385
74	5777	55.489999999999995
75	3560	55.291
76	58473	55.0635
77	6772	54.99400000000001
78	3643	54.9905
79	6464	54.7915
80	5156	54.293000000000006
81	8737	54.22950000000001
82	3551	54.032999999999994
83	3575	53.851
84	11201	53.652
85	8651	53.585
86	7297	53.391999999999996
87	5295	52.787
88	257397	52.630500000000005
89	3667	51.4775
90	9021	51.3855
91	3480	51.282
92	8660	51.1815
93	3566	50.213
94	55914	50.144
95	5747	49.681
96	81788	49.6785
97	7852	49.5875
98	11140	49.2335
99	221079	48.885000000000005
100	4090	48.751
101	2057	48.686
102	2885	48.477999999999994
103	245711	48.431
104	11018	48.2735
105	7010	48.1385
106	3572	47.883
107	5788	47.876
108	2185	47.6785
109	4194	47.545
110	8767	47.326499999999996
111	29110	47.32
112	113457	47.229
113	7409	47.172000000000004
114	3312	47.1315
115	867	47.088
116	1399	46.9825
117	3815	46.87949999999999
118	1956	46.789
119	4067	46.480000000000004
120	3320	46.2275
121	3932	46.07899999999999
122	1398	46.077
123	6850	45.9805
124	10603	45.9765
125	5770	45.8975
126	8814	45.8825
127	1439	45.7935
128	2064	45.7755
129	5335	45.7745
130	2534	44.97
131	145258	44.7525
132	51588	44.5475
133	10382	44.121500000000005
134	7042	43.7895
135	5921	43.5715
136	7278	42.923
137	6461	42.6685
138	4215	42.507
139	4792	42.4245
140	2065	42.369
141	29068	41.951499999999996
142	3561	41.911
143	8717	41.718
144	9846	41.174
145	613	41.1725
146	3937	41.064499999999995
147	163126	41.027
148	8887	40.837
149	3303	40.7175
150	3305	40.1205
151	9020	40.0195
152	5795	39.9835
153	7535	39.9675
154	8935	39.799
155	7006	39.7735
156	7738	39.2445
157	5336	39.1665
158	7132	39.1225
159	6654	39.060500000000005
160	115653	38.9995
161	25	38.9695
162	5829	38.873000000000005
163	64743	38.6985
164	55250	38.5955
165	55824	38.56699999999999
166	4793	38.311
167	1326	38.11
168	1796	37.87050000000001
169	1445	37.766
170	5296	37.653
171	4914	37.370999999999995
172	2549	37.184000000000005
173	558	37.0515
174	55715	37.038
175	4233	36.565
176	203068	36.5145
177	71	36.415499999999994
178	11184	36.257999999999996
179	3055	36.159000000000006
180	805	35.505
181	5580	35.2635
182	2889	35.1585
183	3313	35.108
184	4214	35.019
185	4791	35.0125
186	1436	34.656
187	7185	34.217
188	7534	34.001999999999995
189	3635	33.9565
190	5782	33.6625
191	5787	33.6455
192	9564	33.561
193	27040	33.463
194	5800	33.346500000000006
195	2321	33.263999999999996
196	29760	32.8535
197	10657	32.775
198	11035	32.724000000000004
199	26191	32.652
200	10987	32.649
201	6452	32.5655
202	7462	32.4485
203	27	32.2545
204	51586	32.2365
205	10113	32.064499999999995
206	5971	32.0115
207	5970	32.006
208	9372	31.797000000000004
209	10006	31.5525
210	25970	31.5325
211	9532	31.514
212	808	31.412
213	790	31.3105
214	10451	31.262
215	3301	31.016499999999997
216	6655	30.839999999999996
217	10010	30.814999999999998
218	4790	30.509500000000003
219	4690	30.355
220	7133	30.325
221	1213	30.2065
222	1441	30.146000000000004
223	3310	30.122000000000003
224	695	29.8445
225	1855	29.7885
226	5793	29.642500000000002
227	3326	29.6025
228	152137	29.526
229	9802	29.461000000000002
230	868	29.357
231	56957	28.7255
232	4794	28.709000000000003
233	2887	28.668
234	92609	28.602999999999998
235	919	28.43
236	7454	28.0505
237	3702	28.049
238	51560	27.560000000000002
239	347733	27.4055
240	409	27.4005
241	80831	27.326
242	56955	27.054000000000002
243	7525	26.9475
244	10278	26.8555
245	3300	26.6595
246	3309	26.627499999999998
247	5872	26.577499999999997
248	387	26.435000000000002
249	3791	26.359500000000004
250	367	26.232499999999998
251	10750	25.76
252	7410	25.2495
253	11059	25.128
254	81693	24.958000000000002
255	857	24.9395
256	801	24.801
257	50807	24.639
258	930	24.442
259	5595	24.244
260	150684	24.14
261	10399	23.917
262	408	23.807499999999997
263	58512	23.6365
264	128853	23.535
265	5594	23.443
266	10818	23.357499999999998
267	2066	23.35
268	660	23.1415
269	445815	23.048000000000002
270	2213	23.044999999999998
271	165918	23.032
272	27240	22.9615
273	3454	22.925
274	4646	22.3215
275	246330	22.2345
276	8312	21.954
277	933	21.828
278	27071	21.424
279	5966	21.119
280	2099	21.0255
281	30011	20.934
282	100124696	20.841
283	2242	20.832
284	5979	20.7435
285	330	20.7255
286	8607	20.704
287	220717	20.618000000000002
288	8835	20.384999999999998
289	9402	19.732999999999997
290	6932	19.697499999999998
291	10019	19.5275
292	83452	19.398
293	5175	19.1355
294	5578	19.1305
295	10691	18.934
296	158931	18.883000000000003
297	57292	18.7115
298	4486	18.6235
299	2081	18.616
300	57190	18.529000000000003
301	3459	18.4905
302	83747	18.329500000000003
303	2734	18.326
304	2209	18.107499999999998
305	130497	17.9935
306	388585	17.7925
307	2289	17.66
308	4352	17.5895
309	64321	17.491
310	2260	17.336000000000002
311	2268	17.1285
312	8239	17.1135
313	7275	17.102
314	4582	16.0345
315	5894	15.914499999999999
316	238	15.7315
317	708	15.5185
318	9641	15.0365
319	7052	14.8085
320	23607	14.727
321	7554	14.6695
322	5170	14.631
323	338567	14.592500000000001
324	5134	14.3035
325	9749	13.8405
326	3324	13.836000000000002
327	8440	13.322
328	940	13.119499999999999
329	2309	13.068000000000001
330	10254	13.054499999999999
331	27342	13.0525
332	7157	12.953
333	9743	12.8335
334	7182	12.823500000000001
335	392255	12.748000000000001
336	4734	12.541500000000001
337	657	12.3565
338	8853	12.3095
339	4628	12.113
340	56995	11.9205
341	668	11.7585
342	6900	11.7325
343	9919	11.6065
344	655	11.566500000000001
345	6156	11.3085
346	5338	11.124500000000001
347	26133	11.032
348	1616	10.9455
349	94015	10.931000000000001
350	2316	10.73
351	84433	10.7145
352	85366	10.114500000000001
353	23624	10.106
354	2904	10.105
355	7415	10.1015
356	6207	10.001999999999999
357	1654	9.915000000000001
358	5590	9.8165
359	51232	9.618500000000001
360	8454	9.6095
361	83439	9.0155
362	5591	9.0045
363	6500	8.901
364	5581	8.809000000000001
365	1000	8.737
366	4915	8.6175
367	4739	8.418000000000001
368	356	8.32
369	3308	8.2135
370	5587	8.0215
371	1917	7.8185
372	10788	7.705
373	29998	7.4159999999999995
374	3725	7.344499999999999
375	1540	7.311
376	9462	7.105500000000001
377	84617	7.016499999999999
378	6667	6.9015
379	404093	6.739
380	1601	6.709999999999999
381	3636	6.5375
382	10856	6.516500000000001
383	5588	6.422499999999999
384	64343	6.245
385	5537	6.113
386	10849	5.903499999999999
387	5287	5.7035
388	1154	5.621
389	58480	5.619
390	10128	5.5135
391	8471	5.409000000000001
392	6128	5.3245
393	9043	5.212
394	54923	5.2085
395	2969	5.203
396	53358	5.0265
397	2886	5.0155
398	7431	4.917
399	4528	4.913
400	7532	4.840999999999999
401	5579	4.5125
402	51082	4.4105
403	5618	4.401000000000001
404	602	4.310499999999999
405	23291	3.915
406	2322	3.9005
407	79155	3.8064999999999998
408	23243	3.707
409	4058	3.7039999999999997
410	6503	3.5140000000000002
411	2533	3.315
412	80306	3.3055
413	64425	3.2145
414	85358	3.207
415	23230	3.123
416	974	3.1079999999999997
417	1111	3.105
418	84172	3.0095
419	3190	2.9105
420	4627	2.91
421	25885	2.5140000000000002
422	7531	2.507
423	3838	2.41
424	8503	2.3135
425	5441	2.309
426	5437	2.1109999999999998
427	29886	2.012
428	11250	1.9055
429	4637	1.81
430	960	1.8065000000000002
431	4869	1.8039999999999998
432	28991	1.6219999999999999
433	3689	1.6065
434	673	1.5175
435	498	1.5065
436	146722	1.5045
437	5290	1.403
438	3837	1.3025
439	8202	1.1355
440	7846	1.1155
441	6232	1.02
442	5599	1.001
443	7529	0.744
444	659	0.6495
445	3563	0.607
446	6188	0.6045
447	3690	0.502
448	2597	0.40700000000000003
449	3265	0.305
450	6048	0.0985
451	5797	0.0975
452	55238	0.097
453	87	0.097
454	6934	0.097
455	2022	0.0965
456	94	0.096
457	1015	0.0955
458	7043	0.095
459	79612	0.095
460	1014	0.0945
461	163	0.0945
462	343521	0.094
463	3570	0.094
464	50862	0.094
465	1443	0.0935
466	79132	0.0935
467	7049	0.093
468	8027	0.093
469	51207	0.093
470	1006	0.092
471	83942	0.0915
472	92	0.089
473	3626	0.0885
474	93	0.0875
475	3625	0.087
476	6773	0.0865
477	3624	0.0865
478	3547	0.08449999999999999
479	2206	0.08299999999999999
480	151295	0.08249999999999999
481	3623	0.08199999999999999
482	130399	0.081
483	10220	0.0805
484	7040	0.08
485	388407	0.0795
486	2331	0.079
487	6625	0.079
488	650	0.0765
489	22800	0.0725
490	58533	0.072
491	2290	0.071
492	2308	0.0655
493	151449	0.064
494	4303	0.064
495	208	0.063
496	10928	0.063
497	10413	0.0615
498	51250	0.06
499	7805	0.0595
500	56924	0.059
501	3209	0.057999999999999996
502	51135	0.057499999999999996
503	8200	0.056999999999999995
504	10401	0.056999999999999995
505	4193	0.056499999999999995
506	57626	0.05600000000000001
507	10000	0.05600000000000001
508	2137	0.05600000000000001
509	11167	0.05550000000000001
510	728294	0.05500000000000001
511	26088	0.05500000000000001
512	329	0.05450000000000001
513	7249	0.052500000000000005
514	5371	0.052000000000000005
515	10140	0.052000000000000005
516	1387	0.051500000000000004
517	23111	0.051500000000000004
518	88455	0.051000000000000004
519	113802	0.0505
520	55769	0.05
521	28996	0.05
522	654	0.0485
523	3621	0.048
524	23024	0.047
525	56917	0.047
526	392510	0.0465
527	3065	0.0455
528	51024	0.044
529	3091	0.0435
530	9146	0.043
531	861	0.041499999999999995
532	8916	0.0405
533	4435	0.0395
534	23586	0.0395
535	25884	0.038
536	652	0.0375
537	25928	0.037
538	81671	0.034999999999999996
539	54440	0.034
540	6421	0.031
541	168667	0.028499999999999998
542	2048	0.028499999999999998
543	1234	0.026500000000000003
544	5521	0.025500000000000002
545	60	0.025
546	81875	0.023
547	54939	0.023
548	139716	0.022
549	50852	0.0215
550	4054	0.020999999999999998
551	9103	0.02
552	293	0.02
553	9046	0.019
554	8945	0.019
555	64388	0.0185
556	640	0.018
557	3839	0.017499999999999998
558	4609	0.017
559	10758	0.016
560	4217	0.014499999999999999
561	6504	0.013500000000000002
562	57007	0.013500000000000002
563	389114	0.013000000000000001
564	916	0.013000000000000001
565	79930	0.0125
566	8826	0.012
567	2908	0.0095
568	4163	0.0085
569	9229	0.008
570	1795	0.0075
571	5610	0.0075
572	1500	0.0075
573	440915	0.006
574	6205	0.006
575	5584	0.006
576	7837	0.006
577	10627	0.005
578	55294	0.0045
579	54900	0.0045
580	64714	0.004
581	8668	0.004
582	10044	0.004
583	1969	0.003
584	57506	0.003
585	6416	0.0025
586	10985	0.0025
587	5604	0.002
588	302	0.002
589	54882	0.002
590	3315	0.002
591	6208	0.0015
592	6199	0.0015
593	10499	0.001
594	8664	0.001
595	3661	0.0005
596	6204	0.0005
