rank	node	rank_score
1	1020	176.8
2	815	176.598
3	5414	176.5935
4	351	169.3965
5	286151	162.0865
6	7314	154.19549999999998
7	7534	153.4925
8	6620	146.8795
9	84570	146.29500000000002
10	6697	133.897
11	7166	133.0875
12	3312	130.392
13	56731	127.88600000000001
14	1956	127.5085
15	474384	120.15650000000001
16	203068	112.6885
17	11076	111.09949999999999
18	7157	110.13199999999999
19	3320	109.7705
20	7431	106.78400000000002
21	3303	105.2335
22	7316	100.342
23	10273	100.1825
24	60	99.767
25	55089	99.0985
26	3326	96.144
27	3309	95.7005
28	8941	93.6975
29	2861	93.388
30	2597	87.1895
31	3837	85.079
32	2885	84.90299999999999
33	3308	81.485
34	841	80.4915
35	8473	75.069
36	4691	74.4755
37	6812	74.396
38	3184	73.1815
39	834	72.6825
40	367	72.17699999999999
41	5132	70.4905
42	3842	70.174
43	1452	68.2955
44	4869	68.15950000000001
45	728294	67.7455
46	5053	67.578
47	5566	67.423
48	121278	66.19449999999999
49	5970	64.6425
50	4792	64.6125
51	301	63.414
52	10202	62.96900000000001
53	408	62.955
54	7846	62.3525
55	6714	61.954499999999996
56	3329	61.565
57	1027	59.190999999999995
58	5594	58.793000000000006
59	4637	57.1345
60	498	56.9385
61	10056	56.8625
62	7417	56.854
63	2023	56.852
64	4193	56.7805
65	1933	56.7635
66	4744	55.499
67	4215	55.265499999999996
68	3065	54.802499999999995
69	4790	54.5115
70	64426	54.1675
71	8662	54.1665
72	5894	53.8485
73	4904	53.3615
74	8344	52.43300000000001
75	9739	51.944
76	2099	51.936
77	1654	51.1495
78	9020	50.759
79	309	50.749
80	29110	50.5015
81	4214	50.14
82	6207	49.4265
83	839	48.985
84	5901	47.8135
85	3178	47.7355
86	9641	47.616
87	7277	47.39149999999999
88	3187	47.00449999999999
89	8664	46.435
90	7189	46.1225
91	8668	46.0535
92	302	46.013
93	7419	45.451
94	801	44.504
95	7416	43.846
96	10128	43.5165
97	920	43.138999999999996
98	6667	42.234
99	7529	42.1375
100	7311	41.906
101	6233	40.637
102	11035	40.4305
103	51762	39.7635
104	1974	38.2195
105	10480	38.140499999999996
106	23118	37.063
107	1644	36.576499999999996
108	3932	36.4785
109	4741	36.294
110	4747	35.7725
111	573	35.486000000000004
112	6223	35.3175
113	27335	34.941500000000005
114	199746	34.384
115	9070	33.9655
116	9546	33.778499999999994
117	5568	33.658
118	7430	33.4805
119	7532	33.4005
120	156	33.286500000000004
121	8663	33.1395
122	6146	32.902
123	1326	32.826
124	8737	32.665
125	790	32.545500000000004
126	3551	32.5435
127	5663	32.1845
128	64800	32.172000000000004
129	3269	32.147000000000006
130	2932	31.985500000000002
131	5567	31.5425
132	25946	31.115999999999996
133	3054	31.085500000000003
134	409	30.927
135	3066	30.2815
136	2771	30.220999999999997
137	1147	29.824
138	23309	29.380000000000003
139	6885	29.0505
140	5925	28.288999999999998
141	8717	27.415
142	4194	27.266
143	572	27.2445
144	4791	27.062
145	54866	26.407
146	57007	26.2555
147	6203	26.103499999999997
148	672	26.019
149	4793	25.961000000000002
150	9590	25.713
151	10399	25.443
152	208	25.4215
153	5971	25.133499999999998
154	6191	25.110500000000002
155	3304	25.005000000000003
156	6156	24.9465
157	4628	24.9155
158	3305	23.648500000000002
159	6204	23.415
160	392510	23.259999999999998
161	4311	23.211000000000002
162	8819	22.982999999999997
163	5245	22.936500000000002
164	805	22.7055
165	207	22.660500000000003
166	7278	22.6265
167	3921	22.11
168	113457	22.042
169	9532	21.833
170	8767	21.7225
171	5300	21.581
172	3337	21.576
173	26355	21.432499999999997
174	6709	20.925
175	4609	20.830000000000002
176	51474	20.6535
177	3313	20.506
178	3301	20.4315
179	5580	20.220999999999997
180	1728	19.978
181	1387	19.919999999999998
182	9543	19.598
183	10454	19.5865
184	6749	19.529
185	1213	19.504
186	10146	19.2975
187	8517	19.1625
188	81627	19.1065
189	6229	18.9355
190	6205	18.913
191	6130	18.838
192	4627	18.3215
193	8851	18.2895
194	3646	18.2245
195	9625	18.189
196	595	18.153
197	7341	18.083000000000002
198	6141	17.951
199	6206	17.927500000000002
200	9252	17.69
201	151242	17.686500000000002
202	10627	17.6375
203	3297	17.556
204	154	17.5305
205	25942	17.490000000000002
206	257054	17.2815
207	5590	17.28
208	6202	17.2595
209	4000	17.237000000000002
210	25898	17.188
211	83983	17.0625
212	4794	17.023500000000002
213	51341	16.9685
214	1022	16.9575
215	55664	16.944499999999998
216	51654	16.8885
217	3148	16.7695
218	983	16.756
219	54939	16.7125
220	25932	16.6845
221	23429	16.5685
222	23344	16.5565
223	10382	16.5095
224	3622	16.479499999999998
225	673	16.441
226	631	16.371000000000002
227	4001	16.2785
228	5931	16.2765
229	5092	16.0895
230	6222	16.049500000000002
231	2908	16.0005
232	1843	15.9525
233	3725	15.937999999999999
234	708	15.924000000000001
235	3315	15.822999999999999
236	6523	15.678999999999998
237	83988	15.586000000000002
238	65124	15.5845
239	51742	15.561000000000002
240	359	15.5535
241	6135	15.507
242	23787	15.447
243	85509	15.372499999999999
244	1017	15.328
245	2931	15.255500000000001
246	1107	15.046000000000001
247	6176	14.9255
248	6599	14.8435
249	71	14.843
250	10000	14.8315
251	8665	14.818000000000001
252	5521	14.756
253	11091	14.6805
254	5578	14.653
255	5928	14.5745
256	8312	14.549000000000001
257	5926	14.471
258	5770	14.4095
259	6011	14.2875
260	9203	14.272
261	5130	14.250499999999999
262	6189	14.232
263	152137	14.2035
264	1385	14.1645
265	23199	14.16
266	8289	14.0495
267	5581	14.012
268	9611	13.9395
269	94274	13.91
270	7186	13.842500000000001
271	8841	13.8375
272	5966	13.806000000000001
273	4776	13.7805
274	220717	13.744499999999999
275	8661	13.718
276	1499	13.681999999999999
277	7837	13.6525
278	10010	13.63
279	6598	13.5455
280	2560	13.505
281	5587	13.415000000000001
282	1021	13.275
283	6597	13.225
284	9700	13.187000000000001
285	836	13.1835
286	8669	13.12
287	808	13.100999999999999
288	7248	13.029499999999999
289	84312	12.9785
290	25855	12.785
291	8189	12.666
292	9219	12.566500000000001
293	5947	12.481
294	11140	12.4475
295	1108	12.3535
296	5499	12.2135
297	51317	12.164
298	23028	12.062999999999999
299	5579	12.004000000000001
300	65267	11.9745
301	3360	11.9565
302	23186	11.8445
303	6201	11.825
304	6908	11.738
305	6602	11.6465
306	53615	11.5485
307	1655	11.5325
308	2316	11.467
309	152185	11.452
310	6604	11.436499999999999
311	8932	11.357
312	1386	11.307500000000001
313	9112	11.251999999999999
314	5595	11.1795
315	7133	11.1415
316	6595	11.0305
317	5321	10.983
318	5338	10.9785
319	5929	10.9645
320	6217	10.922
321	6880	10.834
322	6872	10.736
323	6175	10.735
324	65061	10.7095
325	57504	10.540000000000001
326	1457	10.248
327	4646	10.171
328	10661	10.0135
329	6601	9.945
330	2764	9.8735
331	112885	9.8545
332	688	9.816500000000001
333	6228	9.809999999999999
334	5591	9.809000000000001
335	7132	9.7805
336	8467	9.7405
337	3875	9.711
338	84617	9.709
339	5604	9.558499999999999
340	54815	9.438500000000001
341	3769	9.344
342	2969	9.3415
343	1051	9.2705
344	150684	9.26
345	2705	9.2025
346	92609	8.9705
347	9031	8.9145
348	56957	8.869499999999999
349	5977	8.6235
350	79595	8.568000000000001
351	7531	8.42
352	6170	8.307500000000001
353	1487	8.248000000000001
354	7465	8.2255
355	53981	8.1595
356	4297	8.0505
357	157310	7.958
358	6181	7.9205
359	8682	7.873
360	30850	7.8295
361	2197	7.814
362	85366	7.7295
363	7482	7.6194999999999995
364	6603	7.539
365	3667	7.523999999999999
366	6883	7.447
367	9343	7.323
368	6840	7.252
369	57786	7.173
370	28991	7.112
371	2308	7.0725
372	51365	7.0545
373	5134	7.019499999999999
374	7750	6.955500000000001
375	2091	6.9079999999999995
376	9188	6.901000000000001
377	1019	6.862
378	6129	6.838500000000001
379	7044	6.833
380	140032	6.82
381	2734	6.756
382	10284	6.654999999999999
383	440915	6.6245
384	10362	6.5489999999999995
385	6231	6.411499999999999
386	6613	6.322
387	84152	6.229
388	6188	6.226999999999999
389	26064	6.2105
390	196528	6.117
391	25	6.028499999999999
392	1459	6.0185
393	57459	6.0155
394	6234	6.008
395	7764	5.8575
396	3181	5.8165
397	343472	5.8020000000000005
398	6605	5.729
399	9349	5.718999999999999
400	23054	5.5045
401	55758	5.4525
402	6915	5.382
403	6878	5.3585
404	6128	5.2395000000000005
405	7155	5.2299999999999995
406	10363	5.1530000000000005
407	29099	5.0024999999999995
408	7421	4.8175
409	3621	4.779
410	286343	4.7295
411	1029	4.6555
412	6124	4.6055
413	4842	4.566
414	57410	4.4085
415	5058	4.35
416	86	4.313000000000001
417	2033	3.9335
418	55636	3.8240000000000003
419	1917	3.7284999999999995
420	2959	3.726
421	91768	3.6119999999999997
422	1026	3.461
423	1025	3.2165
424	3839	3.2155
425	4298	3.0225
426	51397	2.9065000000000003
427	9658	2.8440000000000003
428	79447	2.7515
429	8971	2.7239999999999998
430	4088	2.5665
431	6161	2.523
432	7873	2.436
433	9314	2.369
434	6224	2.303
435	7249	2.2855
436	3310	2.148
437	4673	2.002
438	842	1.668
439	6192	1.6184999999999998
440	64805	1.524
441	55193	1.5150000000000001
442	6950	1.3535
443	9045	1.2045
444	6197	1.178
445	347733	1.0285
446	55681	1.006
447	57492	0.9285
448	2887	0.8355
449	64771	0.7085
450	2353	0.6285000000000001
451	3014	0.6025
452	6196	0.47450000000000003
453	8290	0.3325
454	5708	0.311
455	6208	0.20049999999999998
456	6143	0.11200000000000002
457	2962	0.1025
458	83941	0.0955
459	79665	0.0955
460	401152	0.094
461	10769	0.094
462	22839	0.093
463	3620	0.089
464	54665	0.0875
465	81928	0.087
466	6854	0.087
467	90326	0.0865
468	5978	0.08549999999999999
469	11142	0.08549999999999999
470	3017	0.08499999999999999
471	11133	0.08399999999999999
472	9530	0.08349999999999999
473	7527	0.08349999999999999
474	5664	0.08299999999999999
475	324	0.08249999999999999
476	4925	0.08199999999999999
477	6236	0.08199999999999999
478	11153	0.08149999999999999
479	10134	0.081
480	221092	0.081
481	6853	0.0805
482	23214	0.08
483	7020	0.0795
484	9816	0.0785
485	770	0.078
486	1808	0.078
487	89795	0.078
488	894	0.0775
489	6282	0.0775
490	6850	0.077
491	6999	0.077
492	7295	0.0765
493	840	0.076
494	5611	0.076
495	8795	0.076
496	5203	0.076
497	56265	0.075
498	4160	0.075
499	1313	0.0745
500	15	0.0745
501	7748	0.0745
502	55893	0.074
503	6548	0.074
504	7468	0.0735
505	11180	0.0735
506	7185	0.0735
507	6506	0.0735
508	10204	0.073
509	5801	0.072
510	843	0.0715
511	6195	0.0715
512	9972	0.0705
513	3001	0.06999999999999999
514	3897	0.06999999999999999
515	240	0.06999999999999999
516	2115	0.06949999999999999
517	23576	0.06899999999999999
518	4303	0.0685
519	133746	0.0685
520	5506	0.068
521	7214	0.068
522	8969	0.0675
523	925	0.0675
524	7798	0.0665
525	7052	0.066
526	1612	0.066
527	5955	0.066
528	5734	0.066
529	6731	0.0655
530	835	0.0645
531	285855	0.0645
532	5243	0.0645
533	51237	0.064
534	29904	0.0635
535	16	0.0635
536	119	0.0635
537	23581	0.063
538	79026	0.063
539	10110	0.0625
540	2119	0.0625
541	5583	0.0625
542	23408	0.062
543	8772	0.062
544	118	0.062
545	26993	0.0615
546	26130	0.0615
547	993	0.0615
548	136647	0.061
549	81	0.061
550	57649	0.0605
551	23603	0.0605
552	5348	0.0605
553	5599	0.06
554	80818	0.0595
555	245711	0.059
556	387082	0.059
557	1103	0.059
558	26353	0.058499999999999996
559	23258	0.057999999999999996
560	329	0.057999999999999996
561	84717	0.057999999999999996
562	2670	0.057999999999999996
563	10892	0.057499999999999996
564	8837	0.056999999999999995
565	55798	0.056999999999999995
566	23401	0.056499999999999995
567	5297	0.05600000000000001
568	8243	0.05550000000000001
569	5778	0.05500000000000001
570	9338	0.05500000000000001
571	8336	0.05450000000000001
572	5588	0.05450000000000001
573	8666	0.053500000000000006
574	8792	0.053000000000000005
575	10735	0.053000000000000005
576	55869	0.052500000000000005
577	54457	0.052000000000000005
578	5582	0.052000000000000005
579	54820	0.051500000000000004
580	9261	0.051500000000000004
581	2890	0.051500000000000004
582	9960	0.051000000000000004
583	7414	0.051000000000000004
584	1432	0.0505
585	29915	0.05
586	1827	0.05
587	3654	0.05
588	22948	0.05
589	60312	0.05
590	5584	0.0495
591	6277	0.0485
592	1852	0.048
593	192670	0.048
594	11177	0.048
595	334	0.048
596	57127	0.0475
597	1846	0.0475
598	6304	0.0475
599	7594	0.0475
600	2934	0.047
601	2893	0.047
602	3429	0.0465
603	3925	0.046
604	25873	0.046
605	8915	0.0455
606	3150	0.0455
607	7258	0.045
608	2002	0.045
609	4204	0.045
610	3706	0.045
611	6421	0.0445
612	908	0.0445
613	7700	0.044
614	2673	0.044
615	56851	0.0435
616	8535	0.043
617	1390	0.043
618	10758	0.042499999999999996
619	2309	0.041999999999999996
620	7284	0.041999999999999996
621	4638	0.041499999999999995
622	55346	0.041499999999999995
623	120	0.041499999999999995
624	26060	0.040999999999999995
625	330	0.040999999999999995
626	6155	0.040999999999999995
627	7153	0.040999999999999995
628	10971	0.0405
629	5598	0.04
630	9421	0.04
631	994	0.0395
632	51386	0.0395
633	4356	0.0395
634	7704	0.039
635	995	0.0385
636	2623	0.0385
637	6300	0.038
638	63925	0.038
639	818	0.0375
640	3856	0.037
641	6168	0.037
642	150	0.037
643	817	0.0365
644	5062	0.0365
645	25780	0.0365
646	2566	0.036
647	8667	0.0355
648	7137	0.0355
649	9919	0.034999999999999996
650	347688	0.034999999999999996
651	6774	0.034999999999999996
652	339175	0.034499999999999996
653	54788	0.034
654	3090	0.0335
655	3749	0.033
656	677	0.0325
657	6193	0.0325
658	26092	0.0325
659	23640	0.032
660	79155	0.032
661	64321	0.0315
662	6125	0.0315
663	6199	0.0315
664	896	0.031
665	5601	0.031
666	6159	0.031
667	2081	0.0305
668	4736	0.0305
669	5597	0.03
670	81027	0.0295
671	596	0.028999999999999998
672	292	0.028999999999999998
673	55321	0.028999999999999998
674	2243	0.028499999999999998
675	129685	0.028000000000000004
676	6218	0.028000000000000004
677	5782	0.028000000000000004
678	10392	0.027500000000000004
679	9126	0.027500000000000004
680	64762	0.027500000000000004
681	6122	0.027500000000000004
682	4780	0.027500000000000004
683	113802	0.027000000000000003
684	2114	0.027000000000000003
685	89857	0.027000000000000003
686	2113	0.026000000000000002
687	4900	0.026000000000000002
688	120329	0.025500000000000002
689	6446	0.025500000000000002
690	51065	0.025500000000000002
691	5603	0.025
692	162966	0.0245
693	497661	0.0245
694	9325	0.0245
695	2152	0.0245
696	857	0.024
697	581	0.0235
698	8550	0.0235
699	3959	0.0235
700	8820	0.023
701	55320	0.023
702	5602	0.0225
703	3035	0.0225
704	5371	0.0225
705	79366	0.022
706	4602	0.022
707	1601	0.022
708	11198	0.0215
709	5208	0.0215
710	7415	0.020999999999999998
711	3609	0.020999999999999998
712	5170	0.020999999999999998
713	9988	0.020499999999999997
714	5596	0.020499999999999997
715	6209	0.020499999999999997
716	9650	0.020499999999999997
717	284996	0.02
718	4985	0.02
719	5600	0.0195
720	170622	0.0195
721	5465	0.019
722	6500	0.019
723	10289	0.019
724	2534	0.019
725	891	0.0185
726	55904	0.018
727	9782	0.017499999999999998
728	4087	0.017499999999999998
729	4233	0.017499999999999998
730	984	0.017
731	441400	0.017
732	55922	0.017
733	10036	0.017
734	5936	0.0165
735	7528	0.016
736	8352	0.0155
737	23345	0.0155
738	8648	0.0155
739	10485	0.0155
740	3608	0.015
741	65108	0.015
742	283455	0.014499999999999999
743	6722	0.014499999999999999
744	9612	0.014499999999999999
745	283078	0.014000000000000002
746	3977	0.014000000000000002
747	388697	0.014000000000000002
748	5094	0.013500000000000002
749	8454	0.013500000000000002
750	1938	0.0125
751	2004	0.0125
752	1660	0.0125
753	8850	0.0125
754	8202	0.012
755	10419	0.0115
756	64343	0.0115
757	6165	0.0115
758	6157	0.011
759	26156	0.010499999999999999
760	602	0.010499999999999999
761	6173	0.010499999999999999
762	3091	0.010499999999999999
763	81491	0.010499999999999999
764	51412	0.01
765	4738	0.01
766	8342	0.01
767	7182	0.0095
768	6134	0.0095
769	548596	0.0095
770	624	0.0095
771	56924	0.009
772	1994	0.009
773	3643	0.009
774	10514	0.0085
775	4208	0.0085
776	6133	0.0085
777	2965	0.008
778	11075	0.008
779	7150	0.0075
780	10527	0.0075
781	4654	0.0075
782	3735	0.007000000000000001
783	6875	0.007000000000000001
784	4435	0.007000000000000001
785	10287	0.007000000000000001
786	1748	0.006500000000000001
787	11221	0.006500000000000001
788	11331	0.006500000000000001
789	54760	0.006500000000000001
790	51191	0.006
791	5430	0.006
792	7504	0.006
793	4670	0.0055
794	3183	0.0055
795	10023	0.0055
796	4528	0.0055
797	6152	0.0055
798	6138	0.005
799	55131	0.005
800	3105	0.0045
801	56980	0.004
802	2287	0.004
803	6235	0.0035000000000000005
804	1050	0.0035000000000000005
805	9040	0.0035000000000000005
806	4089	0.0035000000000000005
807	30827	0.003
808	6929	0.003
809	8607	0.003
810	10642	0.003
811	6167	0.0025
812	29028	0.0025
813	9054	0.0025
814	5127	0.002
815	9462	0.002
816	163126	0.002
817	6136	0.0015
818	162972	0.0015
819	80824	0.0015
820	5250	0.0015
821	6230	0.0015
822	999	0.0015
823	23560	0.001
824	79872	0.001
825	433	0.0005
