rank	node	rank_score
1	641	180.1
2	2187	179.1995
3	7156	178.299
4	57697	177.3985
5	2188	176.498
6	80010	175.5975
7	378708	174.697
8	6117	173.696
9	6119	172.69650000000001
10	6118	172.2955
11	4292	171.095
12	80233	170.1945
13	201254	169.294
14	5982	167.893
15	5111	167.6935
16	5981	166.89249999999998
17	7150	165.692
18	5426	164.79149999999998
19	3978	163.891
20	5424	162.9905
21	5422	162.09
22	890	161.1895
23	891	159.88899999999998
24	983	159.6885
25	142	158.58800000000002
26	23649	157.5875
27	10714	156.68699999999998
28	5558	155.7865
29	57804	154.88600000000002
30	56655	153.9855
31	5557	153.08499999999998
32	54107	152.1845
33	5425	151.28400000000002
34	5427	150.3835
35	7155	149.483
36	7153	148.5825
37	5984	146.882
38	7520	146.0805
39	1017	145.981
40	672	145.1815
41	10111	143.38
42	4361	142.3795
43	11073	141.279
44	2956	140.17849999999999
45	472	139.978
46	5884	138.476
47	55655	138.07649999999998
48	4436	137.47750000000002
49	545	137.177
50	1111	133.87550000000002
51	7157	133.1745
52	7486	132.074
53	3014	131.473
54	9656	131.07350000000002
55	7014	130.575
56	580	130.0725
57	5591	128.672
58	5983	128.2685
59	5883	127.769
60	5888	127.17150000000001
61	5985	126.56800000000001
62	2547	125.87100000000001
63	5932	125.17049999999999
64	3364	124.96700000000001
65	5810	124.2675
66	571	124.17
67	675	123.7695
68	2237	121.8665
69	54386	121.56500000000001
70	64421	120.7655
71	11200	115.66599999999998
72	7515	115.66399999999999
73	9557	115.263
74	3981	115.1635
75	200558	113.5625
76	7158	113.2645
77	7518	111.1615
78	79840	109.45750000000001
79	7013	107.6605
80	26277	107.56199999999998
81	4869	107.25550000000001
82	3980	107.0595
83	55775	106.05799999999999
84	5965	104.9585
85	22909	102.86100000000002
86	51720	102.75699999999999
87	4999	101.2565
88	6613	101.2535
89	5395	100.86
90	4609	99.85900000000001
91	83990	99.356
92	63967	97.053
93	8243	95.65450000000001
94	63922	94.75399999999999
95	4173	92.551
96	81620	90.0515
97	1869	88.2525
98	4998	88.1505
99	990	87.65
100	65057	86.952
101	25913	85.6495
102	4171	85.048
103	4176	84.049
104	11277	83.0485
105	23594	82.3475
106	5001	80.54650000000001
107	8900	80.2415
108	8317	79.346
109	4174	78.84700000000001
110	10926	77.845
111	5000	77.74449999999999
112	4172	77.34400000000001
113	4175	77.043
114	23595	76.9455
115	1029	73.9435
116	8318	73.54249999999999
117	1026	72.64099999999999
118	55388	72.34200000000001
119	1019	70.0405
120	5378	59.355
121	5893	57.437
122	328	55.86
123	2072	53.536
124	1938	51.235
125	9063	49.1355
126	84142	49.052499999999995
127	8454	48.025999999999996
128	83939	47.734500000000004
129	6749	47.7325
130	8883	46.134
131	4738	45.6335
132	8554	45.132
133	595	44.7395
134	9040	44.132999999999996
135	9133	43.939
136	5925	43.54
137	6323	43.1315
138	3035	41.5305
139	54921	40.951499999999996
140	79075	40.551
141	50649	40.53
142	5429	40.1505
143	6612	39.9265
144	10436	39.6295
145	8452	39.331
146	11269	38.129
147	6897	37.028499999999994
148	1021	35.838499999999996
149	3735	35.827999999999996
150	1917	34.8275
151	5934	34.338
152	8451	33.924
153	5933	33.536500000000004
154	8450	33.427
155	8349	32.2255
156	8065	30.725
157	6217	30.1235
158	8453	29.6245
159	1457	29.2485
160	10985	29.123
161	3065	27.432499999999997
162	5708	27.422500000000003
163	6155	26.222
164	4736	25.2215
165	995	24.95
166	6208	24.321
167	1642	23.6185
168	6156	23.420499999999997
169	6133	22.52
170	6205	21.6195
171	5423	20.449
172	6228	20.119
173	1027	19.9335
174	25	19.929000000000002
175	6224	19.818
176	1020	19.430500000000002
177	1022	19.43
178	6160	19.317500000000003
179	91768	18.9285
180	2033	18.7235
181	51343	18.528
182	6136	18.417
183	898	17.726499999999998
184	728937	17.7165
185	1025	17.226
186	10485	17.127000000000002
187	9129	17.1145
188	4605	17.025
189	6187	17.016
190	10763	16.624000000000002
191	6502	16.325499999999998
192	6141	16.2155
193	1460	15.9295
194	9045	15.915000000000001
195	84152	15.5245
196	6132	15.2135
197	6137	14.713
198	7533	14.113999999999999
199	6159	14.1125
200	6241	13.720499999999998
201	6144	13.512
202	1028	13.119499999999999
203	6210	12.8115
204	9134	12.518
205	6191	12.311
206	6188	11.810500000000001
207	1050	11.421000000000001
208	6194	11.309999999999999
209	6152	10.8095
210	6154	10.309000000000001
211	5499	9.922
212	1874	9.919
213	6130	9.8085
214	4437	9.747
215	4194	9.422999999999998
216	4193	9.322
217	5371	9.3215
218	6128	9.308
219	3725	9.122499999999999
220	7314	9.0315
221	6207	8.807500000000001
222	4654	8.52
223	7161	8.4185
224	6202	8.306999999999999
225	6129	7.8065
226	6347	7.4375
227	9349	7.306
228	1915	6.8055
229	23450	6.305
230	7532	5.8045
231	894	4.318
232	1018	3.3175
233	6949	3.306
234	6170	3.2049999999999996
235	9188	3.1055
236	497661	2.6045000000000003
237	140032	2.304
238	6209	2.304
239	6192	1.9035
240	6173	1.9024999999999999
241	6161	1.402
242	6167	1.3025
243	6231	1.203
244	55131	1.103
245	6227	1.002
246	9221	1.0005000000000002
247	3007	0.8015000000000001
248	8342	0.7035
249	6171	0.7015
250	6164	0.501
251	2197	0.3005
252	72	0.20099999999999998
253	79184	0.031
254	84515	0.031
255	326	0.027000000000000003
256	993	0.023
257	4000	0.023
258	1263	0.0225
259	896	0.0215
260	6667	0.0195
261	7507	0.0195
262	29935	0.019
263	5501	0.0185
264	997	0.017499999999999998
265	11137	0.003
266	8971	0.002
267	55681	0.0015
268	6235	0.001
269	51602	0.0005
270	6230	0.0005
