rank	node	rank_score
1	3717	178.4
2	3595	175.2995
3	6775	172.19850000000002
4	3592	170.799
5	51561	158.99949999999998
6	55082	157.398
7	149233	156.89749999999998
8	3718	152.0975
9	55250	147.99200000000002
10	3560	147.697
11	3716	147.5955
12	6777	146.393
13	6774	146.0915
14	6776	142.6885
15	5771	142.084
16	3575	141.39000000000001
17	7852	141.29500000000002
18	2690	137.18800000000002
19	5781	136.2905
20	5777	135.2855
21	5159	134.98499999999999
22	9021	133.594
23	5156	132.18099999999998
24	3932	130.291
25	168544	128.7845
26	6464	128.2825
27	7297	127.7865
28	3561	127.59349999999999
29	2185	126.1895
30	3559	125.39650000000002
31	5295	124.18299999999999
32	6773	123.19449999999999
33	6850	122.074
34	1439	121.97449999999999
35	3566	119.47849999999998
36	8651	119.296
37	5747	118.7775
38	2057	118.27649999999998
39	4067	117.973
40	6714	117.3665
41	83636	116.5925
42	867	116.57350000000001
43	8660	116.28150000000001
44	3643	115.47999999999999
45	5788	114.9795
46	2534	114.9605
47	3815	112.97550000000001
48	1399	111.776
49	1956	111.7705
50	6461	111.769
51	3667	110.178
52	2885	109.975
53	7409	109.667
54	3480	108.67699999999999
55	1398	108.572
56	10603	106.9695
57	2064	106.768
58	5335	104.97
59	1441	104.08899999999998
60	5921	104.0625
61	9846	101.9715
62	55620	101.587
63	1234	100.686
64	5770	100.37100000000001
65	613	100.1615
66	3458	96.69500000000001
67	4914	96.666
68	55824	96.3535
69	3572	95.982
70	83607	95.897
71	2065	94.765
72	5795	93.7675
73	7535	93.7635
74	1796	93.463
75	3937	92.85650000000001
76	5336	90.753
77	1445	90.4505
78	2549	88.3685
79	7006	87.9645
80	25	87.05799999999999
81	2889	86.1585
82	3635	85.77250000000001
83	5829	85.362
84	5296	84.3575
85	3055	83.3545
86	1436	83.0595
87	6654	82.661
88	27040	81.9555
89	4233	80.0655
90	5782	79.259
91	9564	79.05499999999999
92	10657	79.05199999999999
93	1493	78.18350000000001
94	7010	77.71849999999999
95	2321	77.439
96	3454	77.2875
97	11184	77.0525
98	3702	74.45
99	2887	73.0365
100	3502	72.1845
101	388585	71.9885
102	6452	70.951
103	5580	70.14349999999999
104	10451	69.6485
105	558	69.56
106	25970	68.18050000000001
107	26191	67.834
108	4690	67.6465
109	7525	67.6405
110	7454	67.44449999999999
111	7462	67.149
112	29760	67.148
113	6778	67.077
114	695	66.6415
115	10006	66.454
116	445815	66.0335
117	868	65.84700000000001
118	56955	65.54249999999999
119	27	64.9495
120	3791	63.438
121	5800	62.742000000000004
122	10750	60.94
123	4628	59.6
124	10399	58.955999999999996
125	5793	58.726
126	10278	58.5515
127	100124696	58.0385
128	5787	57.63250000000001
129	5595	57.128499999999995
130	27240	57.0475
131	58512	55.22950000000001
132	55715	55.1155
133	5578	54.045
134	6655	53.2395
135	660	53.132999999999996
136	128853	52.13099999999999
137	8835	51.778999999999996
138	2213	51.73
139	5979	51.7275
140	57292	51.241
141	3455	50.6925
142	10818	49.427
143	857	49.0355
144	2066	47.043
145	7410	45.344
146	1499	44.910000000000004
147	2268	44.5375
148	80831	44.237
149	50807	42.5315
150	5594	41.5305
151	5796	41.516
152	2322	41.445499999999996
153	7132	39.1955
154	933	38.714999999999996
155	4627	38.400999999999996
156	9402	37.935
157	930	37.4265
158	3310	36.984500000000004
159	83747	36.923
160	5175	36.5145
161	974	36.417500000000004
162	30011	36.319
163	2242	36.232
164	919	36.1245
165	2260	35.928
166	359710	33.096000000000004
167	7316	31.828999999999997
168	4582	31.5255
169	9749	29.805500000000002
170	115352	29.700499999999998
171	238	28.72
172	9743	27.934500000000003
173	10019	27.309500000000003
174	27071	26.306
175	56995	24.957
176	7275	24.464
177	8440	23.736
178	2209	23.525
179	2137	22.6595
180	4486	22.101499999999998
181	57190	22.046
182	817	19.999000000000002
183	5287	19.6035
184	356	19.5195
185	3953	18.679
186	6098	18.6115
187	64109	17.482499999999998
188	3574	17.3895
189	1000	17.110500000000002
190	89790	16.375999999999998
191	140803	16.297
192	3570	15.979499999999998
193	5894	15.720499999999998
194	4739	15.7135
195	81491	15.5785
196	2206	14.9535
197	23607	14.517000000000001
198	54923	14.412
199	5170	14.217500000000001
200	53358	14.108500000000001
201	5590	13.621500000000001
202	6504	13.374500000000001
203	940	13.206999999999999
204	8853	12.618
205	146722	11.0355
206	640	10.9175
207	57127	10.825
208	6503	10.810500000000001
209	1154	10.604
210	4915	10.312999999999999
211	2886	9.9125
212	4058	9.511
213	6667	8.803
214	9103	8.509
215	2099	7.7155000000000005
216	7287	7.0125
217	3636	6.9235
218	1601	6.4030000000000005
219	29998	6.016
220	5618	5.3065
221	5579	5.1049999999999995
222	23230	5.0165
223	920	4.837000000000001
224	9046	4.718999999999999
225	23624	3.7195
226	5338	3.3240000000000003
227	2904	3.221
228	85358	3.0075
229	5588	3.0045
230	916	3.0025
231	6004	2.5155000000000003
232	50852	2.2064999999999997
233	3563	2.106
234	5587	1.902
235	5058	1.8005
236	3690	1.8005
237	58480	1.709
238	7534	1.702
239	207	1.3115
240	54900	1.3015
241	2048	1.2015
242	8471	1.103
243	3320	1.08
244	5879	1.022
245	5581	0.9115
246	921	0.8015000000000001
247	11250	0.508
248	8503	0.1025
249	4642	0.095
250	26133	0.0945
251	8718	0.094
252	9530	0.0935
253	124044	0.093
254	3551	0.092
255	1147	0.0915
256	10627	0.0905
257	8915	0.09
258	330	0.0895
259	7186	0.089
260	1387	0.089
261	3305	0.0885
262	10010	0.088
263	29775	0.0875
264	113457	0.087
265	9641	0.0865
266	4790	0.086
267	7278	0.08549999999999999
268	8737	0.08499999999999999
269	64343	0.08399999999999999
270	8717	0.08349999999999999
271	71	0.08299999999999999
272	3326	0.08249999999999999
273	10382	0.08199999999999999
274	23118	0.08149999999999999
275	4352	0.08149999999999999
276	3600	0.08149999999999999
277	92609	0.081
278	50856	0.081
279	6885	0.0805
280	4215	0.0795
281	1213	0.079
282	29110	0.0785
283	3313	0.078
284	29990	0.078
285	9111	0.078
286	10454	0.0775
287	3312	0.077
288	257397	0.0765
289	57506	0.076
290	203068	0.0755
291	11035	0.075
292	139716	0.075
293	4637	0.0745
294	4792	0.074
295	3303	0.0735
296	4791	0.073
297	3601	0.073
298	3301	0.0725
299	9020	0.072
300	2289	0.0715
301	805	0.071
302	1326	0.0705
303	5970	0.06999999999999999
304	4794	0.06949999999999999
305	5971	0.06899999999999999
306	5966	0.0685
307	4793	0.068
308	801	0.0675
309	347733	0.0665
310	11140	0.066
311	57007	0.066
312	808	0.0655
313	3309	0.065
314	7133	0.0645
315	85366	0.064
316	7189	0.0635
317	790	0.063
318	1917	0.0625
319	4214	0.062
320	9532	0.0615
321	10892	0.061
322	7185	0.0605
323	708	0.06
324	409	0.0595
325	7431	0.059
326	2734	0.058499999999999996
327	220717	0.057999999999999996
328	9093	0.057499999999999996
329	84617	0.056999999999999995
330	7314	0.056499999999999995
331	408	0.05600000000000001
332	3308	0.05550000000000001
333	7311	0.05500000000000001
334	8607	0.05450000000000001
335	3903	0.05450000000000001
336	6233	0.054000000000000006
337	6207	0.053500000000000006
338	4646	0.053000000000000005
339	3654	0.052500000000000005
340	6156	0.052000000000000005
341	7763	0.051500000000000004
342	4145	0.051500000000000004
343	6128	0.051000000000000004
344	292	0.0505
345	4869	0.05
346	1654	0.0495
347	8239	0.049
348	10128	0.0485
349	2969	0.048
350	7846	0.0475
351	6205	0.047
352	6232	0.0465
353	6141	0.046
354	5134	0.0455
355	10480	0.045
356	6229	0.0445
357	6204	0.044
358	3839	0.0435
359	6130	0.043
360	6222	0.042499999999999996
361	6202	0.041999999999999996
362	498	0.041499999999999995
363	8454	0.040999999999999995
364	7416	0.0405
365	6146	0.04
366	4691	0.0395
367	3184	0.039
368	6217	0.0385
369	3837	0.038
370	3921	0.0375
371	6176	0.0365
372	10202	0.036
373	6223	0.0355
374	4904	0.034999999999999996
375	6206	0.034499999999999996
376	7417	0.034
377	7419	0.0335
378	2597	0.033
379	6749	0.0325
380	27335	0.032
381	10056	0.0315
382	302	0.031
383	6203	0.03
384	1933	0.0295
385	3187	0.028999999999999998
386	8664	0.028499999999999998
387	309	0.028000000000000004
388	8344	0.027500000000000004
389	4311	0.027000000000000003
390	2023	0.026500000000000003
391	3842	0.026000000000000002
392	8668	0.025500000000000002
393	6191	0.025
394	6129	0.0245
395	301	0.024
396	3329	0.0235
397	60	0.023
398	114132	0.0225
399	6135	0.0225
400	8662	0.022
401	8663	0.0215
402	1974	0.020999999999999998
403	3646	0.020499999999999997
404	2771	0.02
405	3181	0.0195
406	6201	0.019
407	5245	0.0185
408	6175	0.018
409	3178	0.017499999999999998
410	6189	0.017
411	5901	0.0165
412	1655	0.016
413	6188	0.015
414	140032	0.014499999999999999
415	3190	0.014000000000000002
416	6208	0.014000000000000002
417	9349	0.013500000000000002
418	6181	0.013000000000000001
419	6235	0.0125
420	6170	0.012
421	25873	0.0115
422	6124	0.011
423	6161	0.010499999999999999
424	2197	0.01
425	2533	0.01
426	6224	0.0095
427	6192	0.009
428	2091	0.0085
429	9188	0.008
430	6165	0.0075
431	2033	0.0075
432	6792	0.0075
433	6218	0.007000000000000001
434	355	0.007000000000000001
435	497661	0.006500000000000001
436	64714	0.006500000000000001
437	6167	0.006
438	55681	0.0055
439	1938	0.005
440	6132	0.0045
441	6171	0.004
442	6209	0.0035000000000000005
443	64111	0.0035000000000000005
444	6173	0.003
445	4969	0.003
446	6138	0.0025
447	6227	0.002
448	80306	0.002
449	6164	0.0015
450	6168	0.001
451	6137	0.0005
