rank	node	rank_score
1	392862	179.6975
2	11140	179.3
3	2289	174.1995
4	7186	172.59300000000002
5	23118	170.699
6	7182	170.5875
7	3320	169.3825
8	10454	167.3955
9	6885	167.098
10	113457	164.89000000000001
11	3551	164.488
12	3326	162.984
13	1147	162.4835
14	10010	162.472
15	9020	156.68699999999998
16	805	155.5895
17	29110	155.17849999999999
18	7278	154.5795
19	8737	153.47750000000002
20	3313	152.98499999999999
21	8517	152.89600000000002
22	10382	151.1855
23	3305	149.68
24	3303	149.37449999999998
25	1326	149.28199999999998
26	4214	147.2885
27	4794	147.07150000000001
28	9641	146.3665
29	64343	146.36399999999998
30	4791	145.6815
31	203068	144.381
32	4792	143.177
33	4790	142.971
34	7132	141.375
35	4793	140.676
36	808	139.4755
37	71	139.3735
38	4215	138.983
39	801	138.17000000000002
40	3312	137.67249999999999
41	3309	136.9685
42	5971	136.873
43	790	136.38600000000002
44	5970	136.0805
45	7189	134.6945
46	5966	134.368
47	8717	132.878
48	1213	132.06900000000002
49	3301	131.97899999999998
50	11035	131.067
51	220717	130.695
52	92609	127.16749999999999
53	3310	126.2705
54	8767	125.27649999999998
55	9532	124.665
56	347733	122.86449999999999
57	26133	122.8575
58	7133	122.7655
59	7314	119.76050000000001
60	8607	118.6585
61	7185	118.2625
62	708	116.4595
63	149465	114.19000000000001
64	2734	113.7695
65	1917	113.05799999999999
66	409	112.65900000000002
67	7311	110.96300000000001
68	9919	107.26599999999999
69	1654	106.9555
70	6233	104.46
71	6156	103.75450000000001
72	10128	99.5565
73	6232	97.251
74	10758	95.5925
75	55664	94.3885
76	6207	94.15299999999999
77	8454	93.749
78	6128	90.354
79	4646	90.1555
80	10856	86.3535
81	5134	86.3465
82	7415	86.256
83	7316	82.8635
84	5591	81.6615
85	4628	79.662
86	6205	79.2525
87	1428	78.8985
88	9349	78.3465
89	6202	76.5475
90	408	73.65799999999999
91	6204	73.639
92	6507	72.19800000000001
93	6189	71.24549999999999
94	4637	69.8335
95	4869	68.341
96	6191	67.24449999999999
97	10788	66.5485
98	6188	65.2505
99	9462	64.9555
100	7846	64.935
101	6229	64.643
102	23291	64.259
103	6135	63.838499999999996
104	6223	63.644000000000005
105	292	63.2495
106	6500	62.9625
107	84617	62.674
108	6141	60.5355
109	64425	59.840999999999994
110	6129	59.05
111	6130	59.0425
112	221895	58.1965
113	6208	57.114999999999995
114	6222	56.64149999999999
115	6146	56.6375
116	1431	56.298500000000004
117	498	54.44349999999999
118	6206	54.44
119	10892	53.4935
120	4528	53.06
121	6181	51.94500000000001
122	3921	51.337
123	4691	50.7325
124	7534	49.761
125	84172	49.253499999999995
126	4627	49.052499999999995
127	6176	49.025
128	10849	48.8545
129	3838	48.849000000000004
130	6203	48.2485
131	25885	48.2485
132	51082	48.055
133	5437	47.9505
134	6217	47.947
135	4904	47.842
136	5521	46.847
137	5441	46.153
138	150684	46.041
139	1540	45.749
140	6175	44.3235
141	85366	43.058
142	2597	41.355000000000004
143	56142	39.3975
144	6201	38.9345
145	91893	38.7965
146	10963	38.094
147	1933	38.031
148	10480	37.3365
149	8792	37.2965
150	26355	36.8945
151	8915	36.692
152	5537	36.249
153	6900	35.989999999999995
154	7416	35.634
155	6224	35.5115
156	6749	34.63
157	302	34.6265
158	4163	34.1495
159	10202	34.0295
160	10056	33.3285
161	2969	31.651
162	6124	31.1135
163	25873	31.012
164	3837	30.0315
165	7763	29.6575
166	7417	29.139499999999998
167	3329	29.128999999999998
168	6218	29.014
169	8664	28.936
170	6421	28.151999999999997
171	7431	27.423000000000002
172	2091	27.040499999999998
173	10985	26.445999999999998
174	8668	25.9275
175	6132	25.214499999999997
176	841	25.059
177	7419	25.032
178	3187	24.9185
179	309	24.627000000000002
180	6170	23.911
181	8344	23.732999999999997
182	3654	23.1515
183	6155	23.101
184	6169	23.0105
185	4736	22.606
186	27335	22.5305
187	3842	22.4255
188	2023	22.228
189	2197	22.1045
190	6161	21.413
191	5245	20.9175
192	6171	20.81
193	6137	20.8085
194	3184	20.726
195	8662	20.5245
196	60	20.422
197	3959	20.151
198	8239	20.0585
199	7755	19.497
200	2081	19.051499999999997
201	293	19.048000000000002
202	4311	18.32
203	6125	18.307
204	920	18.221
205	8663	18.124000000000002
206	10399	18.1225
207	140032	18.1035
208	6122	17.703
209	9755	17.68
210	3178	17.618000000000002
211	84433	17.4905
212	5037	17.3945
213	57506	17.387
214	3502	17.091
215	497661	16.8095
216	301	16.5215
217	23243	16.442500000000003
218	3646	15.920499999999999
219	9045	15.129500000000002
220	6160	14.902000000000001
221	1974	14.519499999999999
222	401152	14.367500000000001
223	2058	14.051999999999998
224	2771	13.818999999999999
225	6193	13.738
226	5901	13.016499999999999
227	6235	12.809000000000001
228	1655	12.616
229	6209	12.6065
230	3181	12.317
231	6228	11.8025
232	6134	11.7075
233	6152	11.608
234	51397	11.434000000000001
235	6165	11.22
236	6143	11.0325
237	6173	10.9055
238	7532	10.854000000000001
239	3376	10.764
240	3932	10.6155
241	83481	10.4495
242	10627	10.3625
243	4673	9.8005
244	673	9.7885
245	3192	9.5125
246	3839	9.434000000000001
247	4642	9.1585
248	6210	8.2245
249	11224	8.1015
250	6192	7.4315
251	6144	7.313
252	7284	6.709999999999999
253	6147	6.705
254	6133	6.027
255	9188	5.906000000000001
256	6138	5.218
257	6167	5.129
258	6231	5.1259999999999994
259	6194	4.922
260	6159	4.919
261	9221	4.201
262	6227	4.0280000000000005
263	6164	3.6265
264	1938	3.004
265	6168	2.916
266	6230	2.7235
267	4670	2.7005
268	6136	2.5309999999999997
269	55681	2.512
270	6234	2.0225
271	6187	1.7125
272	6158	1.4144999999999999
273	6154	1.411
274	55131	1.4095
275	8342	1.4085
276	81027	1.202
277	6157	0.915
278	2475	0.0985
279	7098	0.097
280	2009	0.096
281	83445	0.095
282	55651	0.094
283	388407	0.094
284	9049	0.0935
285	26973	0.0935
286	208	0.092
287	29775	0.0915
288	27102	0.091
289	10771	0.089
290	2746	0.0865
291	249	0.08449999999999999
292	3324	0.08149999999999999
293	9043	0.066
294	7187	0.062
295	5955	0.061
296	54939	0.057499999999999996
297	148022	0.056999999999999995
298	170622	0.056499999999999995
299	2885	0.05600000000000001
300	5211	0.05
301	5708	0.045
302	54882	0.043
303	55294	0.043
304	10526	0.042499999999999996
305	329	0.0395
306	3308	0.0395
307	4738	0.036
308	1915	0.022
309	6142	0.014000000000000002
310	23521	0.0115
311	51631	0.010499999999999999
312	8971	0.009
313	72	0.008
314	3007	0.0075
315	11137	0.007000000000000001
316	51602	0.0055
317	26156	0.005
318	6727	0.0045
319	6949	0.004
320	55299	0.0035000000000000005
321	6732	0.0025
