rank	node	rank_score
1	11018	180.1
2	27178	179.1995
3	3108	178.299
4	972	177.29850000000002
5	3109	176.398
6	3732	174.797
7	967	173.796
8	3112	173.09650000000002
9	5738	172.0955
10	928	170.495
11	975	170.1945
12	920	168.793
13	963	168.1935
14	3676	166.99200000000002
15	93185	166.594
16	3688	165.8915
17	4179	164.59099999999998
18	7106	163.6905
19	3675	162.79000000000002
20	2515	162.4885
21	977	161.8895
22	3655	160.98899999999998
23	3679	159.58800000000002
24	3964	158.6875
25	931	157.5925
26	8754	156.5865
27	3123	156.29749999999999
28	948	155.48600000000002
29	7057	153.6855
30	961	152.785
31	3690	150.2825
32	7052	148.481
33	3674	148.1805
34	2812	145.6775
35	2335	145.28
36	3685	144.2765
37	3386	143.976
38	3678	143.78199999999998
39	2811	142.677
40	4856	140.0755
41	3491	137.974
42	27329	136.77249999999998
43	80781	135.473
44	3673	135.1845
45	6696	134.775
46	3693	134.5745
47	5029	132.7735
48	1293	129.38299999999998
49	1277	127.58400000000002
50	1278	127.07950000000001
51	4318	124.779
52	960	123.77799999999999
53	6678	123.57849999999999
54	7450	88.9715
55	2923	87.8835
56	7058	86.471
57	4313	86.07050000000001
58	1294	85.37
59	1634	84.36949999999999
60	7040	83.569
61	4316	83.46849999999999
62	1280	82.86800000000001
63	1285	81.2675
64	7045	80.667
65	1286	79.7665
66	1282	79.76599999999999
67	2199	78.6655
68	4811	76.265
69	811	75.47200000000001
70	5549	75.164
71	3339	74.5635
72	4147	74.457
73	284217	73.863
74	1287	73.65650000000001
75	3918	73.0645
76	1288	73.056
77	4052	72.658
78	22918	72.455
79	1490	72.26050000000001
80	2192	71.86
81	3026	71.6555
82	1284	71.45450000000001
83	5270	70.654
84	1839	69.8595
85	5008	69.853
86	5653	69.252
87	351	68.35249999999999
88	22795	68.162
89	1305	67.9625
90	633	67.5515
91	6288	67.3535
92	2006	66.959
93	3672	66.6615
94	3915	65.361
95	2200	65.3585
96	4237	63.451
97	2201	62.8505
98	1462	61.657500000000006
99	1404	60.1495
100	176	59.048
101	4312	58.447500000000005
102	3486	56.9465
103	4314	54.845000000000006
104	3914	54.749
105	3694	54.7235
106	5340	54.54549999999999
107	63827	54.144000000000005
108	1101	53.946000000000005
109	649	53.8485
110	7076	53.143499999999996
111	3911	52.04200000000001
112	3827	51.94449999999999
113	1690	51.55
114	4067	51.4855
115	930	51.185
116	2147	50.943
117	4653	50.9405
118	5327	50.542500000000004
119	550	50.347
120	2243	49.6415
121	2244	49.041
122	4035	48.04
123	5054	46.839
124	5328	46.0375
125	7448	45.6385
126	5329	45.037
127	5877	44.9815
128	3488	44.638
129	7042	43.8365
130	5155	43.3395
131	5858	43.236000000000004
132	5747	42.6765
133	1289	42.426
134	5345	42.135000000000005
135	5175	41.8755
136	4054	40.4345
137	4099	39.5255
138	1991	39.2315
139	164656	39.1355
140	4982	39.133500000000005
141	2266	38.4305
142	3684	38.231
143	5104	38.230000000000004
144	2160	38.2295
145	6387	37.929
146	53353	37.733
147	7094	37.5745
148	7035	36.9285
149	7554	36.834
150	1511	35.927499999999995
151	5310	35.772000000000006
152	2162	35.428
153	3105	34.787
154	651	32.532
155	2149	32.5265
156	7043	32.323
157	2331	30.722500000000004
158	5829	30.675
159	4319	30.526999999999997
160	2534	29.871500000000005
161	7422	29.1325
162	8751	28.873
163	6714	28.672500000000003
164	1796	28.570500000000003
165	3695	28.3695
166	7525	28.271000000000004
167	1445	27.57
168	2934	26.269
169	6850	26.266
170	2185	25.8685
171	2268	25.665499999999998
172	3815	25.567
173	3932	25.465
174	4145	25.3675
175	867	24.866500000000002
176	5921	24.5645
177	6464	24.363999999999997
178	9564	24.168
179	2064	23.7625
180	4224	23.7245
181	5295	23.6635
182	1956	23.662
183	1399	23.563
184	55824	23.254
185	5781	23.1615
186	9846	22.861
187	613	22.56
188	5777	22.5595
189	3717	22.259
190	5335	22.057
191	2065	21.7575
192	6654	21.4565
193	25	21.256
194	3055	21.157999999999998
195	7535	21.0535
196	7409	20.8555
197	3937	20.553
198	5336	20.3545
199	90070	20.325
200	354	20.215
201	2889	20.160500000000003
202	1281	20.1215
203	2057	19.755000000000003
204	27040	19.7525
205	1439	19.5585
206	11184	19.552
207	5118	19.521
208	3791	19.0505
209	1398	19.05
210	2885	18.7515
211	29760	18.5485
212	3680	18.374000000000002
213	868	18.349
214	10006	18.1495
215	6655	17.948
216	12	17.8065
217	5159	17.747
218	27	17.5475
219	2153	17.506999999999998
220	4690	17.3465
221	3481	17.224
222	2159	17.208
223	2321	17.145999999999997
224	10278	16.9455
225	5788	16.54
226	5657	16.512999999999998
227	5269	16.4075
228	2549	16.339499999999997
229	6452	16.250999999999998
230	3817	16.106
231	3371	16.073500000000003
232	7410	16.044
233	2150	16.0125
234	1514	15.810500000000001
235	5782	15.735500000000002
236	10451	15.645
237	4914	15.535
238	462	15.505500000000001
239	3643	15.2405
240	5275	15.111
241	4739	15.0215
242	5795	14.8345
243	2157	14.612
244	10603	14.533499999999998
245	10818	14.523000000000001
246	3635	14.139
247	3716	13.841
248	6461	13.6435
249	5156	13.443000000000001
250	5624	13.3045
251	6776	13.142500000000002
252	6777	13.142000000000001
253	4233	12.734
254	7056	12.703999999999999
255	50807	12.644499999999999
256	2690	12.537
257	2066	12.4415
258	5770	12.3375
259	3485	12.309000000000001
260	5627	12.2035
261	3480	12.138499999999999
262	6774	12.038
263	8651	11.936
264	7852	11.624
265	2887	11.5365
266	7006	11.333
267	3718	11.232
268	3667	11.0315
269	821	10.9145
270	9021	10.8305
271	8076	10.722
272	1436	10.629999999999999
273	7462	10.620000000000001
274	5265	10.5135
275	5296	10.4295
276	4321	10.418000000000001
277	8660	10.229
278	10657	10.031
279	4018	10.017
280	5354	9.814
281	3702	9.7325
282	695	9.4285
283	7454	9.228
284	100124696	9.0275
285	4323	8.92
286	5800	8.7265
287	3696	8.7205
288	2161	8.5185
289	7018	8.41
290	7297	8.325999999999999
291	5771	8.3255
292	660	8.124500000000001
293	3818	8.0175
294	3082	8.016499999999999
295	6382	8.016
296	3572	7.9235
297	5787	7.827000000000001
298	6772	7.825
299	3053	7.8095
300	6667	7.700999999999999
301	4322	7.419
302	9507	7.305
303	6670	7.303
304	5793	7.222499999999999
305	9402	7.1205
306	3912	7.115
307	2	7.016499999999999
308	7078	6.919499999999999
309	1291	6.914500000000001
310	7010	6.822
311	1361	6.816
312	7048	6.8004999999999995
313	2252	6.714
314	3479	6.708500000000001
315	2242	6.521000000000001
316	26191	6.518000000000001
317	5979	6.2195
318	6354	6.1155
319	55715	6.019
320	5580	6.017
321	5154	5.6045
322	4582	5.5165
323	1441	5.4185
324	933	4.9174999999999995
325	3689	4.6025
326	682	4.5035
327	51454	4.502000000000001
328	5595	4.2155000000000005
329	2213	4.215
330	5594	4.214499999999999
331	10750	4.111
332	3909	3.9115
333	25970	3.814
334	2208	3.8015
335	919	3.7119999999999997
336	26085	3.7085
337	857	3.6135000000000006
338	2022	3.603
339	2260	3.5130000000000003
340	10019	3.5105000000000004
341	7049	3.3024999999999998
342	5796	3.1125
343	558	2.9074999999999998
344	10399	2.616
345	3959	2.4135
346	56955	2.407
347	1990	2.406
348	6383	2.402
349	3454	2.1115000000000004
350	7412	1.9105
351	640	1.9004999999999999
352	5196	1.8015
353	9743	1.41
354	30011	1.409
355	710	1.318
356	128853	1.2055
357	1499	1.1095000000000002
358	23607	1.1065
359	8440	1.008
360	83747	1.0045
361	1000	0.9085000000000001
362	6004	0.46399999999999997
363	58512	0.305
364	3934	0.20249999999999999
365	238	0.20249999999999999
366	2886	0.10200000000000001
367	5744	0.095
368	7041	0.0645
369	3691	0.0125
370	3913	0.012
371	7373	0.0115
372	7070	0.011
373	9103	0.0085
374	2316	0.0085
375	974	0.0075
376	8174	0.0075
377	6401	0.007000000000000001
378	3566	0.006
379	8038	0.0045
380	3575	0.004
381	3561	0.0035000000000000005
382	3636	0.003
383	2247	0.003
384	1601	0.003
385	23621	0.002
386	53358	0.0015
387	5045	0.0015
388	9510	0.001
