rank	node	rank_score
1	148	177.299
2	5058	176.397
3	2921	174.99949999999998
4	367	154.7955
5	6774	153.1945
6	2099	152.2925
7	6776	151.794
8	64109	145.5985
9	89782	145.29749999999999
10	388585	132.291
11	6777	126.6895
12	3557	122.69800000000001
13	6714	109.792
14	285464	109.595
15	79612	98.5
16	1499	95.58099999999999
17	5595	92.644
18	55620	91.393
19	3718	90.7675
20	5594	90.74600000000001
21	3560	90.48400000000001
22	5770	89.4915
23	5771	87.988
24	6772	87.576
25	6464	87.485
26	3716	86.6865
27	5777	85.88550000000001
28	4067	84.2935
29	6667	84.1255
30	5781	83.68350000000001
31	5295	83.67949999999999
32	1956	83.3905
33	5159	83.089
34	5156	81.8785
35	2690	80.88300000000001
36	6850	80.77799999999999
37	2185	79.28150000000001
38	2057	78.47200000000001
39	1439	77.4735
40	6372	76.096
41	10603	76.0765
42	2064	75.9745
43	3815	75.468
44	867	75.2825
45	3572	74.466
46	1387	73.888
47	2885	73.4725
48	7297	73.2655
49	3643	73.0875
50	9846	72.1695
51	3932	71.962
52	2534	71.775
53	1399	71.571
54	7409	71.365
55	5747	71.0755
56	9021	70.97999999999999
57	5788	69.9595
58	3480	69.28999999999999
59	6461	69.251
60	8651	68.574
61	5335	66.97
62	5921	66.96900000000001
63	1398	66.0805
64	5580	65.64500000000001
65	3667	64.673
66	613	64.26849999999999
67	55824	63.95399999999999
68	8660	63.0625
69	1796	61.463499999999996
70	2549	60.346500000000006
71	25	60.263999999999996
72	2065	60.261
73	5829	60.054500000000004
74	5336	59.657999999999994
75	5795	59.543499999999995
76	10451	59.2885
77	6654	58.9615
78	7535	58.2525
79	1826	58.098
80	1445	56.5475
81	27040	56.4485
82	3937	56.355500000000006
83	1051	56.1865
84	4233	55.456999999999994
85	3635	55.343
86	7006	55.241499999999995
87	2887	54.466499999999996
88	4914	54.4575
89	3055	54.2565
90	2889	54.25599999999999
91	3561	53.630500000000005
92	11184	52.87050000000001
93	1436	52.85
94	55250	52.2795
95	7852	52.001999999999995
96	10657	50.9425
97	10750	50.2395
98	27	50.153
99	3791	50.063
100	7462	49.347
101	9564	49.06
102	2321	48.467
103	4690	47.8605
104	5296	47.842
105	5782	47.840999999999994
106	660	46.337
107	5970	46.072
108	25970	45.586
109	6452	44.7335
110	1441	44.0775
111	29760	43.952
112	868	43.538
113	58512	43.059000000000005
114	7525	42.4505
115	26191	42.136
116	10818	41.9445
117	10006	41.739
118	857	41.6455
119	558	40.055
120	3702	40.036500000000004
121	57292	39.879
122	55715	39.7845
123	2213	39.333
124	5519	39.1965
125	3556	39.196000000000005
126	3552	38.89149999999999
127	3566	38.822
128	7181	38.396
129	695	38.2375
130	80831	38.1715
131	5979	37.5315
132	933	36.831
133	2033	36.187
134	5787	36.135000000000005
135	56995	36.1155
136	7454	36.0385
137	5793	35.3355
138	5578	34.834
139	5800	34.7405
140	4089	34.193
141	4435	34.18
142	1050	33.8875
143	4582	33.848
144	7410	33.8285
145	10278	33.724000000000004
146	10401	33.581
147	56955	33.4585
148	8648	33.275
149	163732	33.270500000000006
150	6655	33.129
151	4088	32.9895
152	10370	32.474000000000004
153	10499	32.378499999999995
154	8841	32.2815
155	30011	32.121500000000005
156	2206	31.877
157	634	31.782
158	3091	31.7755
159	672	31.688499999999998
160	1052	31.6855
161	8202	31.682
162	2066	31.5325
163	139716	31.071500000000004
164	2908	30.7635
165	4087	30.685000000000002
166	100124696	30.630000000000003
167	2260	30.627999999999997
168	3725	30.483000000000004
169	57190	30.1295
170	23054	29.369
171	163126	29.3685
172	50807	29.127
173	861	28.972500000000004
174	5599	28.915999999999997
175	6597	28.784000000000002
176	602	28.766
177	4790	28.752
178	9325	28.6475
179	5241	28.520500000000006
180	860	28.2825
181	5468	28.1735
182	7010	28.131999999999998
183	3065	28.0765
184	9612	27.671000000000003
185	6256	27.665
186	6996	27.448
187	9611	27.369999999999997
188	64800	27.369
189	27240	27.326
190	1386	26.767500000000002
191	7080	26.7605
192	51592	26.476999999999997
193	7421	26.466999999999995
194	5796	26.2245
195	6688	26.104000000000003
196	6908	26.057
197	5451	26.016
198	5371	25.868000000000002
199	445815	25.4535
200	930	25.3275
201	2624	25.2845
202	5175	25.223000000000003
203	5914	25.1625
204	2353	24.856
205	5925	24.363
206	8805	23.6265
207	6601	23.3775
208	9402	23.225
209	207	23.101499999999998
210	7067	22.663999999999998
211	7157	22.53
212	128853	22.4515
213	57127	22.3495
214	7704	22.062
215	3066	21.6655
216	7316	21.1255
217	919	21.0165
218	6599	20.966500000000003
219	25942	20.9555
220	8440	20.619
221	57492	19.9595
222	6595	19.86
223	6598	19.8565
224	6605	19.8545
225	9743	19.8125
226	10498	19.764499999999998
227	6602	19.758499999999998
228	7186	19.694499999999998
229	4486	19.420499999999997
230	50862	19.197
231	2516	18.895
232	8289	18.552
233	6604	18.455000000000002
234	5894	18.410500000000003
235	3559	18.284
236	23607	18.2065
237	4204	18.204500000000003
238	5170	18.0265
239	595	17.872999999999998
240	51742	17.8485
241	2959	17.759
242	6778	17.7285
243	6603	17.353
244	5629	17.180500000000002
245	2623	17.044
246	10399	16.949
247	196	16.9055
248	5928	16.8535
249	6095	16.7745
250	1457	16.7225
251	1000	16.704
252	2242	16.6195
253	3320	16.6035
254	8819	16.544999999999998
255	6098	16.487000000000002
256	83747	16.413999999999998
257	86	16.3525
258	1154	16.3095
259	356	16.1175
260	9031	16.026
261	54760	15.6505
262	238	15.618
263	10019	15.615
264	8850	15.461500000000001
265	640	15.121
266	6689	14.86
267	5590	14.823500000000001
268	1432	14.809999999999999
269	221079	14.6925
270	1024	14.554000000000002
271	8932	14.4325
272	3454	14.413
273	2268	14.3225
274	3621	14.251499999999998
275	6872	14.243500000000001
276	5449	14.172
277	2962	13.9465
278	9219	13.843
279	7155	13.8275
280	8853	13.7185
281	9412	13.651
282	7068	13.5575
283	5931	13.538999999999998
284	2209	13.4345
285	2113	12.977500000000001
286	1022	12.9405
287	974	12.817000000000002
288	55193	12.715
289	9759	12.427
290	5581	12.4085
291	2960	12.3445
292	54923	12.214500000000001
293	196528	12.0095
294	4654	11.9715
295	6497	11.769499999999999
296	64324	11.757
297	53615	11.638499999999999
298	7275	11.5555
299	2969	11.2195
300	10589	11.05
301	2965	10.942
302	5927	10.9035
303	2114	10.673
304	4298	10.5355
305	5467	10.225
306	892	10.147
307	6878	10.136500000000002
308	7044	9.849
309	5977	9.84
310	57459	9.831999999999999
311	5430	9.646
312	6880	9.639500000000002
313	1108	9.631
314	85509	9.4375
315	10284	9.0425
316	7528	9.021
317	8189	8.937000000000001
318	55636	8.719
319	53981	8.538
320	2967	8.4245
321	3326	8.4105
322	60	8.230500000000001
323	5929	7.9415
324	23028	7.936
325	3636	7.904999999999999
326	573	7.859
327	4297	7.734999999999999
328	1021	7.7015
329	146722	7.606999999999999
330	53358	7.600499999999999
331	1107	7.5329999999999995
332	1025	7.4239999999999995
333	5338	7.400999999999999
334	5469	7.340999999999999
335	2100	7.2795000000000005
336	8031	7.029000000000001
337	11091	6.934
338	5587	6.8115000000000006
339	2048	6.7035
340	6883	6.6345
341	23624	6.6205
342	8467	6.4285
343	4609	6.1215
344	23230	6.022
345	57109	5.979
346	3297	5.803
347	5588	5.7195
348	58480	5.6135
349	3516	5.606
350	11250	5.3185
351	2533	5.2005
352	54815	5.12
353	4739	5.003
354	9103	4.720000000000001
355	6886	4.6115
356	57504	4.3125
357	7534	4.311999999999999
358	5287	4.206
359	5901	4.1315
360	1017	4.022
361	23186	3.918
362	10891	3.9165
363	604	3.91
364	1487	3.7085
365	2904	3.7004999999999995
366	9112	3.5229999999999997
367	51341	3.148
368	9343	3.1335
369	7341	3.007
370	9749	2.9245
371	2071	2.9185000000000003
372	6503	2.706
373	3265	2.5095
374	29998	2.316
375	23309	2.2235
376	4058	2.2075
377	2886	2.103
378	27071	2.103
379	4915	2.0045
380	9203	1.714
381	3190	1.6045000000000003
382	5584	1.6024999999999998
383	916	1.511
384	3690	1.501
385	7750	1.4144999999999999
386	8503	1.4015
387	11198	1.3175000000000001
388	50852	1.2055
389	115352	1.1755
390	6504	1.0130000000000001
391	23199	0.9135
392	11177	0.8019999999999999
393	57007	0.7645
394	5579	0.6045
395	8835	0.5695
396	51412	0.40800000000000003
397	3360	0.21549999999999997
398	1601	0.21150000000000002
399	114132	0.13999999999999999
400	3054	0.101
401	166	0.0975
402	9368	0.097
403	7185	0.097
404	841	0.0965
405	3595	0.096
406	8737	0.096
407	389114	0.0955
408	3592	0.095
409	330	0.095
410	190	0.0945
411	1582	0.0945
412	4055	0.0945
413	8740	0.094
414	23258	0.0935
415	148022	0.0935
416	7182	0.093
417	329	0.093
418	7187	0.0925
419	55629	0.092
420	958	0.092
421	84639	0.092
422	2919	0.0915
423	56616	0.091
424	50810	0.091
425	4303	0.0905
426	3594	0.0905
427	388407	0.0905
428	149233	0.09
429	10758	0.09
430	7188	0.0895
431	2290	0.089
432	4255	0.089
433	27429	0.089
434	3459	0.089
435	6656	0.0885
436	8767	0.0885
437	3553	0.088
438	56265	0.088
439	8837	0.0875
440	2824	0.0875
441	55504	0.087
442	51561	0.0865
443	3206	0.0865
444	9020	0.086
445	7874	0.08549999999999999
446	10913	0.08499999999999999
447	6775	0.08499999999999999
448	51176	0.08449999999999999
449	7132	0.08399999999999999
450	208	0.08349999999999999
451	1493	0.08349999999999999
452	8717	0.08299999999999999
453	7189	0.08249999999999999
454	51330	0.08199999999999999
455	939	0.08149999999999999
456	168544	0.08149999999999999
457	548313	0.081
458	27018	0.081
459	8915	0.0805
460	85453	0.08
461	113802	0.0795
462	8517	0.079
463	7124	0.0785
464	2309	0.078
465	790	0.078
466	6885	0.0775
467	8792	0.077
468	51008	0.0765
469	3312	0.0765
470	113457	0.076
471	3175	0.0755
472	246330	0.0755
473	26133	0.075
474	3305	0.0745
475	10892	0.0735
476	3551	0.073
477	3301	0.0725
478	7293	0.072
479	10382	0.0715
480	1147	0.071
481	7022	0.0705
482	7763	0.0705
483	7314	0.06999999999999999
484	23118	0.06949999999999999
485	331	0.06899999999999999
486	151568	0.0685
487	5452	0.0685
488	1326	0.0685
489	8784	0.068
490	3654	0.0675
491	4352	0.0675
492	5971	0.067
493	1213	0.0665
494	89790	0.0665
495	4791	0.066
496	29110	0.0655
497	441478	0.065
498	805	0.0645
499	7278	0.064
500	10010	0.0635
501	3604	0.063
502	4794	0.0625
503	71	0.062
504	4792	0.0615
505	55809	0.061
506	9532	0.061
507	10454	0.06
508	51397	0.0595
509	3303	0.059
510	92609	0.058499999999999996
511	8431	0.057999999999999996
512	4793	0.057999999999999996
513	3313	0.057499999999999996
514	4214	0.056999999999999995
515	808	0.056499999999999995
516	51122	0.05600000000000001
517	79155	0.05550000000000001
518	11035	0.05500000000000001
519	7133	0.05450000000000001
520	7311	0.054000000000000006
521	220717	0.053500000000000006
522	6722	0.053000000000000005
523	150684	0.053000000000000005
524	203068	0.052500000000000005
525	4215	0.052000000000000005
526	405	0.051500000000000004
527	801	0.051500000000000004
528	9093	0.051000000000000004
529	3309	0.05
530	3310	0.0495
531	6233	0.049
532	5966	0.0485
533	9919	0.048
534	11140	0.0475
535	6232	0.047
536	6207	0.0465
537	4646	0.046
538	708	0.0455
539	283078	0.045
540	408	0.045
541	56957	0.044
542	2734	0.0435
543	409	0.043
544	2081	0.042499999999999996
545	8607	0.041499999999999995
546	5465	0.040999999999999995
547	5134	0.040999999999999995
548	9641	0.0405
549	347733	0.04
550	10856	0.0395
551	4628	0.039
552	6156	0.0385
553	1917	0.038
554	1654	0.0375
555	9131	0.037
556	4627	0.0365
557	64343	0.036
558	8454	0.0355
559	6128	0.034999999999999996
560	10128	0.034499999999999996
561	7415	0.034
562	51102	0.0335
563	10788	0.0335
564	64425	0.033
565	9349	0.0325
566	7532	0.032
567	6205	0.0315
568	5521	0.031
569	10849	0.0305
570	4637	0.03
571	3164	0.0295
572	85366	0.0295
573	9462	0.028999999999999998
574	84172	0.028499999999999998
575	10419	0.028000000000000004
576	7431	0.028000000000000004
577	6500	0.027500000000000004
578	9862	0.027000000000000003
579	8878	0.027000000000000003
580	25885	0.026500000000000003
581	23291	0.026000000000000002
582	1459	0.025500000000000002
583	5537	0.025500000000000002
584	4528	0.025
585	5437	0.0245
586	51082	0.024
587	6204	0.0235
588	5601	0.023
589	3838	0.023
590	5441	0.0225
591	6223	0.022
592	6222	0.0215
593	2597	0.020999999999999998
594	9440	0.020499999999999997
595	6202	0.020499999999999997
596	6135	0.02
597	6191	0.0195
598	7416	0.019
599	6206	0.0185
600	940	0.018
601	3329	0.018
602	2957	0.017499999999999998
603	7846	0.017499999999999998
604	4904	0.017
605	6304	0.0165
606	498	0.0165
607	6229	0.016
608	5600	0.0155
609	5250	0.0155
610	6175	0.015
611	399511	0.014499999999999999
612	28996	0.014499999999999999
613	6004	0.014000000000000002
614	10202	0.014000000000000002
615	5583	0.013500000000000002
616	6146	0.013500000000000002
617	5618	0.013500000000000002
618	51317	0.013000000000000001
619	7417	0.013000000000000001
620	10480	0.0125
621	6613	0.012
622	8664	0.012
623	10056	0.0115
624	10362	0.011
625	1933	0.011
626	1500	0.011
627	29893	0.010499999999999999
628	960	0.010499999999999999
629	7419	0.010499999999999999
630	79930	0.01
631	302	0.01
632	6130	0.0095
633	2316	0.009
634	142	0.009
635	904	0.009
636	6141	0.009
637	309	0.0085
638	2137	0.0085
639	8471	0.008
640	57410	0.008
641	6749	0.008
642	4193	0.0075
643	3187	0.0075
644	11221	0.007000000000000001
645	27335	0.007000000000000001
646	4869	0.006500000000000001
647	10735	0.006
648	6201	0.006
649	8682	0.0055
650	3842	0.0055
651	6830	0.0045
652	3921	0.0045
653	688	0.004
654	6129	0.004
655	10062	0.0035000000000000005
656	8668	0.0035000000000000005
657	3020	0.003
658	3622	0.003
659	3184	0.003
660	1019	0.0025
661	22938	0.0025
662	7287	0.0025
663	8344	0.0025
664	2902	0.002
665	2023	0.002
666	2322	0.002
667	2697	0.002
668	3280	0.0015
669	920	0.0015
670	5879	0.001
671	3646	0.001
672	1869	0.0005
673	5325	0.0005
674	8662	0.0005
