rank	node	rank_score
1	3073	179.5
2	4758	178.999
3	3938	177.4975
4	2990	176.59949999999998
5	8972	176.0985
6	2595	175.497
7	4669	173.8955
8	4759	173.39600000000002
9	2581	172.898
10	129807	171.595
11	64772	170.3965
12	2519	169.494
13	55907	168.3945
14	4123	168.3935
15	2632	167.493
16	6476	162.39249999999998
17	5973	158.4905
18	54682	157.7895
19	4093	157.292
20	55577	156.69099999999997
21	1118	154.789
22	27159	154.39000000000001
23	5566	154.1885
24	83744	152.183
25	3916	147.8895
26	8908	145.087
27	2992	142.686
28	151242	133.67649999999998
29	9620	129.897
30	5834	119.48499999999999
31	23355	112.69149999999999
32	9514	110.69300000000001
33	673	95.0845
34	207	89.54249999999999
35	5058	86.3725
36	4087	84.888
37	10048	83.1855
38	23592	82.4875
39	1583	81.7865
40	4088	81.784
41	178	80.584
42	5894	79.841
43	1443	79.282
44	1442	77.3815
45	4089	74.18050000000001
46	2099	73.8345
47	55769	72.7825
48	79230	65.88250000000001
49	79054	64.88050000000001
50	208	62.835
51	5568	61.867000000000004
52	2308	61.334
53	2353	61.313
54	367	60.646
55	572	60.2625
56	2932	58.229
57	81788	58.036
58	119587	57.286
59	221079	56.379999999999995
60	5594	56.239999999999995
61	23551	54.9705
62	5208	54.665
63	910	54.592
64	3920	53.89
65	668	50.544
66	10000	50.36
67	26286	50.1815
68	5837	50.17
69	2033	49.747
70	55146	49.1835
71	5565	49.18300000000001
72	5563	48.9825
73	1499	48.839
74	1387	48.727
75	5564	47.681
76	860	47.6545
77	158931	47.45399999999999
78	3725	47.3335
79	51422	47.278999999999996
80	5567	47.0595
81	1386	47.018
82	5562	46.68
83	5571	46.477999999999994
84	53632	45.9805
85	10218	45.479499999999994
86	96459	45.4775
87	3017	45.1585
88	1051	45.1225
89	8408	44.777
90	2673	44.6785
91	201163	44.6695
92	55971	44.582
93	7554	44.278999999999996
94	5599	44.004
95	63976	43.6795
96	2309	43.5355
97	5209	43.3675
98	23682	43.0785
99	4086	43.077
100	7534	42.8635
101	6497	42.775
102	54866	42.0565
103	145258	41.876
104	10645	41.476
105	3991	41.364
106	9891	41.0755
107	2908	41.0205
108	51285	40.4775
109	6794	40.175
110	2737	40.0745
111	9024	39.874
112	2290	39.6375
113	1050	39.5135
114	84446	38.971
115	11140	38.5745
116	5595	38.301
117	83871	37.9735
118	1432	37.5075
119	7249	37.2405
120	4846	37.172000000000004
121	10273	36.2565
122	646480	36.0575
123	2931	36.028999999999996
124	8202	35.723
125	347240	35.6715
126	7046	35.67
127	359	35.356
128	84254	35.2685
129	3320	35.173500000000004
130	280	34.777
131	23054	34.7155
132	10140	34.472
133	6714	34.2455
134	861	33.621
135	285464	33.2325
136	5371	33.224000000000004
137	4303	32.536500000000004
138	80325	32.385000000000005
139	7157	31.7125
140	9252	31.207
141	6915	30.958
142	5069	30.581
143	25973	29.7815
144	7050	29.5245
145	5261	29.474
146	5925	29.310000000000002
147	5255	29.073
148	5260	28.971500000000002
149	51176	28.753499999999995
150	595	28.714999999999996
151	7547	28.674
152	2475	28.663
153	65259	28.575499999999998
154	6996	28.426499999999997
155	672	28.127499999999998
156	3172	28.017000000000003
157	15	27.459000000000003
158	8928	27.416499999999996
159	5601	27.4115
160	117583	27.151999999999997
161	2113	27.107499999999998
162	54861	26.8625
163	201516	26.645500000000006
164	3667	26.252499999999998
165	6256	26.012
166	64718	25.7575
167	79987	25.522
168	5578	25.453
169	10499	25.219
170	658	25.068
171	57154	24.8625
172	4091	24.7685
173	4092	24.759
174	121268	24.6675
175	1457	24.546
176	84085	24.462
177	80243	24.3645
178	10903	23.942
179	90	23.765
180	6195	23.7405
181	5590	23.6375
182	55664	23.5605
183	51523	23.556
184	6446	23.5345
185	64750	23.470999999999997
186	4435	23.4145
187	4842	23.401999999999997
188	29984	23.2655
189	140901	23.16
190	602	22.9195
191	8878	22.863999999999997
192	91	22.758499999999998
193	6196	22.7505
194	9459	22.6695
195	2119	22.633499999999998
196	4090	22.267000000000003
197	10113	22.2515
198	6597	22.1065
199	5734	22.0225
200	163126	21.878
201	5872	21.563499999999998
202	4776	21.5105
203	7048	21.258
204	8648	21.2195
205	2115	21.125
206	55761	21.057
207	6667	21.009999999999998
208	29068	20.8495
209	7738	20.7665
210	4137	20.7335
211	5468	20.7015
212	84162	20.6315
213	79674	20.549
214	4152	20.3465
215	55827	20.2615
216	57381	20.1595
217	1027	20.134999999999998
218	864	20.055500000000002
219	10401	20.042
220	3150	20.0265
221	3925	20.008
222	5465	20.000999999999998
223	28512	19.75
224	5243	19.6125
225	3315	19.5545
226	9392	19.450499999999998
227	3065	19.4255
228	4741	19.308
229	6498	19.173
230	5600	19.134
231	5597	19.012
232	8814	18.7395
233	58473	18.648500000000002
234	5170	18.6415
235	57111	18.5605
236	2560	18.522
237	130497	18.353
238	392255	18.329500000000003
239	54976	18.0905
240	5584	18.029500000000002
241	8550	18.0005
242	7042	17.838
243	4609	17.802
244	7529	17.741
245	6197	17.7335
246	9261	17.5375
247	7465	17.3615
248	657	16.9285
249	7421	16.9215
250	51560	16.837
251	5582	16.819499999999998
252	5588	16.5135
253	51588	16.451
254	3297	16.3155
255	389840	16.060499999999998
256	7015	15.9555
257	5577	15.750499999999999
258	5581	15.619
259	119	15.506499999999999
260	3769	15.448000000000002
261	10987	15.411000000000001
262	2002	15.238999999999999
263	9611	15.2005
264	55223	14.861
265	5580	14.831999999999999
266	9612	14.611500000000001
267	2764	14.3315
268	5587	14.328
269	157922	14.266
270	6625	14.1715
271	156	14.019
272	5579	13.910500000000003
273	5778	13.902000000000001
274	23031	13.8535
275	3727	13.4695
276	2354	13.371
277	7316	13.332999999999998
278	5583	13.309999999999999
279	2011	13.24
280	8850	13.204000000000002
281	57620	13.1705
282	6774	12.904500000000002
283	5770	12.52
284	27102	12.249500000000001
285	7531	11.9495
286	2705	11.8165
287	8841	11.8085
288	6199	11.515
289	4139	11.436
290	5970	11.42
291	3324	11.3705
292	624	11.2175
293	4638	11.139
294	8682	11.108500000000001
295	1852	11.063500000000001
296	7532	11.043000000000001
297	55704	10.9655
298	1147	10.9175
299	440689	10.629999999999999
300	5909	10.5535
301	4215	10.542
302	3726	10.315999999999999
303	286343	10.2185
304	5451	10.2065
305	10971	10.147
306	130872	10.065999999999999
307	5036	10.049
308	4900	10.0095
309	2812	9.956999999999999
310	55914	9.8595
311	1385	9.8465
312	8031	9.6155
313	8986	9.5325
314	2114	9.4115
315	151568	9.403
316	5914	9.4025
317	84335	9.362
318	154	9.2515
319	338567	9.1525
320	3269	9.0305
321	783	9.0295
322	2289	8.969
323	9590	8.949
324	118	8.8035
325	1827	8.7605
326	8736	8.728
327	9372	8.6515
328	4217	8.65
329	6908	8.610499999999998
330	26353	8.6005
331	7533	8.454
332	150	8.4135
333	7166	8.352
334	301	8.303
335	29904	8.225
336	4193	8.114
337	60312	8.1125
338	9325	8.111
339	54893	8.048
340	120	8.004
341	142891	7.869
342	5598	7.843999999999999
343	4194	7.828
344	1459	7.810499999999999
345	5596	7.749
346	6300	7.653499999999999
347	5348	7.627
348	2893	7.5045
349	1103	7.5035
350	1021	7.433
351	25780	7.308
352	4602	7.2405
353	6720	7.2015
354	1026	7.13
355	7538	7.037000000000001
356	57626	7.030500000000001
357	1053	6.9395
358	64743	6.8629999999999995
359	1019	6.813
360	5602	6.7495
361	7311	6.7444999999999995
362	6942	6.731999999999999
363	9839	6.6450000000000005
364	5604	6.639
365	60598	6.633
366	659	6.5435
367	891	6.537999999999999
368	51305	6.528499999999999
369	1022	6.501
370	5782	6.5005
371	655	6.444
372	11075	6.346
373	65055	6.343500000000001
374	1080	6.305
375	11221	6.250500000000001
376	11214	6.2485
377	4140	6.1325
378	65108	6.1025
379	6722	6.0255
380	57787	6.0215000000000005
381	7067	6.013
382	3066	6.005
383	5923	5.9465
384	8200	5.9399999999999995
385	4790	5.924
386	4654	5.915
387	8204	5.913500000000001
388	1956	5.911
389	4869	5.901
390	4208	5.843
391	2022	5.7425
392	6688	5.721500000000001
393	8431	5.7145
394	28954	5.6395
395	2781	5.6055
396	5603	5.545
397	6233	5.5415
398	3977	5.45
399	994	5.4425
400	3300	5.4405
401	3643	5.407
402	650	5.3415
403	9495	5.1450000000000005
404	3875	5.1075
405	3105	5.106
406	6929	5.0409999999999995
407	25884	5.022
408	2243	5.012
409	343521	4.9384999999999994
410	1017	4.917
411	2100	4.9079999999999995
412	93	4.840999999999999
413	25	4.8305
414	7352	4.816
415	3749	4.803
416	573	4.7035
417	11180	4.661
418	2890	4.608
419	728294	4.555
420	2810	4.538
421	9421	4.3115000000000006
422	3091	4.223
423	10062	4.2025
424	433	4.005
425	5321	3.9435000000000002
426	55103	3.9155
427	896	3.8365
428	7137	3.81
429	56924	3.6174999999999997
430	5469	3.6090000000000004
431	2887	3.5164999999999997
432	6689	3.503
433	26256	3.4234999999999998
434	10617	3.3385
435	5066	3.3115
436	654	3.2314999999999996
437	7504	3.2185
438	5241	3.2020000000000004
439	92	3.0300000000000002
440	4985	3.005
441	4157	2.732
442	3624	2.627
443	4225	2.418
444	6598	2.4175
445	983	2.4085
446	23313	2.33
447	84152	2.101
448	2769	2.0015
449	3626	1.9274999999999998
450	2623	1.81
451	10287	1.706
452	28996	1.3279999999999998
453	5467	1.3050000000000002
454	80824	1.24
455	51307	1.2245
456	688	1.101
457	5927	0.9005000000000001
458	3164	0.7474999999999999
459	81693	0.73
460	1601	0.6425
461	6595	0.33999999999999997
462	6519	0.0895
463	1939	0.088
464	81786	0.0875
465	2020	0.0865
466	89858	0.0865
467	378884	0.08399999999999999
468	55860	0.08249999999999999
469	7013	0.0805
470	7052	0.0805
471	10274	0.079
472	11177	0.0785
473	23325	0.0775
474	81611	0.0765
475	5300	0.0765
476	31	0.0745
477	53947	0.074
478	9669	0.0725
479	57016	0.072
480	4312	0.0705
481	5210	0.06999999999999999
482	6988	0.06999999999999999
483	5207	0.06949999999999999
484	8789	0.0685
485	2203	0.068
486	2645	0.0675
487	122953	0.0675
488	51005	0.065
489	64841	0.0645
490	132789	0.063
491	5506	0.0625
492	9945	0.062
493	3209	0.062
494	7054	0.062
495	80201	0.0615
496	6548	0.0615
497	1046	0.061
498	6786	0.06
499	283742	0.0595
500	32	0.059
501	157310	0.059
502	26508	0.058499999999999996
503	7482	0.058499999999999996
504	1612	0.058499999999999996
505	56917	0.057999999999999996
506	10007	0.057499999999999996
507	3101	0.056999999999999995
508	3098	0.05600000000000001
509	117145	0.05550000000000001
510	3099	0.05500000000000001
511	2539	0.053500000000000006
512	57492	0.053000000000000005
513	4351	0.052500000000000005
514	5373	0.052000000000000005
515	5906	0.052000000000000005
516	5372	0.051500000000000004
517	7138	0.051500000000000004
518	55276	0.051000000000000004
519	27349	0.0505
520	6652	0.05
521	51592	0.05
522	1847	0.05
523	6599	0.0495
524	2821	0.049
525	51477	0.0485
526	3224	0.0485
527	1846	0.0485
528	11164	0.048
529	55892	0.048
530	9623	0.048
531	2885	0.048
532	11171	0.0475
533	3757	0.0475
534	5501	0.0475
535	5325	0.0475
536	200576	0.0475
537	1855	0.047
538	100293516	0.047
539	29926	0.046
540	3795	0.0455
541	57118	0.0445
542	5127	0.044
543	29925	0.044
544	133418	0.0435
545	8536	0.0435
546	5901	0.043
547	89782	0.043
548	8312	0.041999999999999996
549	2078	0.041999999999999996
550	814	0.040999999999999995
551	2646	0.0405
552	151449	0.0405
553	4486	0.039
554	4286	0.0385
555	23111	0.038
556	440275	0.037
557	84552	0.0365
558	1020	0.0365
559	6198	0.0355
560	4070	0.0355
561	10891	0.034999999999999996
562	1649	0.034499999999999996
563	10746	0.034
564	47	0.032
565	9149	0.032
566	23024	0.0315
567	3622	0.031
568	10749	0.031
569	7068	0.0305
570	8554	0.03
571	25928	0.0295
572	1843	0.0295
573	995	0.028499999999999998
574	7074	0.028000000000000004
575	23677	0.027500000000000004
576	5449	0.027500000000000004
577	5502	0.026500000000000003
578	3303	0.026500000000000003
579	10691	0.026000000000000002
580	3777	0.026000000000000002
581	4515	0.026000000000000002
582	54440	0.025500000000000002
583	4077	0.025
584	3799	0.025
585	5576	0.025
586	9181	0.025
587	4233	0.025
588	10110	0.024
589	5728	0.0235
590	56907	0.023
591	158798	0.023
592	3856	0.023
593	4000	0.0225
594	6662	0.0225
595	2004	0.022
596	4082	0.022
597	57471	0.0215
598	4255	0.020999999999999998
599	652	0.020999999999999998
600	220388	0.020999999999999998
601	894	0.020999999999999998
602	221035	0.020499999999999997
603	6601	0.019
604	392510	0.018
605	5605	0.018
606	3625	0.017499999999999998
607	6624	0.017499999999999998
608	7258	0.017
609	64388	0.017
610	2959	0.017
611	2915	0.017
612	343069	0.016
613	9338	0.0155
614	81627	0.0155
615	10463	0.015
616	960	0.015
617	3480	0.014499999999999999
618	94	0.014499999999999999
619	7442	0.014499999999999999
620	596	0.014499999999999999
621	2130	0.014000000000000002
622	3551	0.014000000000000002
623	10498	0.014000000000000002
624	7704	0.014000000000000002
625	4627	0.013500000000000002
626	6602	0.013500000000000002
627	5788	0.013500000000000002
628	79753	0.0125
629	64324	0.0125
630	2904	0.0125
631	10018	0.0125
632	10023	0.0115
633	1460	0.011
634	55095	0.010499999999999999
635	51599	0.01
636	1616	0.01
637	5933	0.01
638	11076	0.01
639	2103	0.0095
640	8289	0.0095
641	9759	0.0095
642	1025	0.0095
643	7468	0.009
644	3326	0.009
645	1052	0.009
646	5499	0.009
647	150094	0.0085
648	5591	0.0085
649	6241	0.0085
650	133746	0.008
651	91768	0.008
652	25946	0.0075
653	9031	0.0075
654	1869	0.0075
655	821	0.0075
656	6605	0.007000000000000001
657	25942	0.006500000000000001
658	5341	0.006500000000000001
659	1844	0.006
660	6604	0.006
661	4001	0.006
662	1487	0.0055
663	10661	0.0055
664	801	0.0055
665	3706	0.005
666	1024	0.0045
667	6603	0.004
668	2534	0.004
669	2624	0.0035000000000000005
670	5132	0.0035000000000000005
671	2902	0.0025
672	7080	0.002
673	6258	0.002
674	253260	0.0015
675	10485	0.0015
676	2911	0.001
677	3312	0.0005
678	7376	0.0005
