rank	node	rank_score
1	3593	179.8
2	3594	178.8995
3	6688	178.0985
4	5970	165.8945
5	51561	157.999
6	149233	156.798
7	84617	155.6975
8	9636	152.597
9	3659	151.796
10	10379	149.995
11	3660	149.0925
12	6772	148.3905
13	6774	141.3895
14	6775	130.0955
15	3559	125.49099999999999
16	6778	124.99000000000001
17	6773	123.6875
18	6776	118.48499999999999
19	4841	117.297
20	3662	115.19650000000001
21	4628	115.19650000000001
22	3717	111.18800000000002
23	3459	109.686
24	3716	105.8865
25	3718	105.78699999999999
26	3560	104.7855
27	6777	103.5845
28	7852	102.88400000000001
29	5771	100.783
30	5159	100.2825
31	5781	100.28099999999999
32	5156	100.0815
33	2885	99.96549999999999
34	5777	98.47999999999999
35	2690	98.18050000000001
36	8651	98.082
37	7297	96.0795
38	9021	95.577
39	8660	94.2765
40	3643	93.3775
41	6464	93.375
42	5295	93.2745
43	3566	93.076
44	3667	92.6755
45	3572	91.974
46	3480	91.1735
47	5747	90.673
48	1399	89.4725
49	2057	88.772
50	2185	87.76849999999999
51	5788	87.678
52	867	87.571
53	1398	86.27000000000001
54	5770	85.57050000000001
55	1956	85.468
56	2064	84.4675
57	7409	84.467
58	6850	84.2665
59	5296	82.769
60	3815	82.6695
61	2065	81.76599999999999
62	10603	80.465
63	4067	79.5645
64	5921	79.364
65	6714	79.063
66	5335	77.8615
67	3932	77.7635
68	613	77.061
69	2534	76.862
70	9846	75.76050000000001
71	7535	74.36
72	1439	73.8625
73	6654	73.35900000000001
74	1436	73.1585
75	4914	72.7595
76	5595	72.1335
77	3454	71.87899999999999
78	168544	71.789
79	3456	71.692
80	5594	71.13250000000001
81	3055	70.0565
82	2549	69.8575
83	3937	69.05699999999999
84	5336	68.958
85	1796	68.75550000000001
86	55824	68.55499999999999
87	25	68.5535
88	3455	68.4885
89	9564	67.5525
90	1234	67.4835
91	2889	67.053
92	1445	66.95450000000001
93	55250	66.8785
94	3635	66.65599999999999
95	5829	66.452
96	27	66.251
97	10657	65.554
98	5795	63.7495
99	27040	63.15
100	4233	62.8505
101	6461	62.5515
102	5782	62.049
103	2066	61.94349999999999
104	7006	61.2485
105	11184	60.548
106	10006	58.745000000000005
107	8835	58.6715
108	3702	58.144499999999994
109	29760	57.946000000000005
110	2887	57.24300000000001
111	868	56.846500000000006
112	695	56.0425
113	222643	55.99400000000001
114	4690	55.54549999999999
115	10451	54.647000000000006
116	10278	53.54200000000001
117	6655	53.444
118	6452	52.6475
119	7454	52.64149999999999
120	3791	51.04
121	100124696	50.541
122	2321	50.439499999999995
123	7525	50.138999999999996
124	50807	50.038
125	5800	49.040499999999994
126	3575	49.013999999999996
127	660	48.6385
128	10818	46.6365
129	5787	46.037
130	2242	45.5355
131	9402	45.4375
132	5793	44.836
133	7010	43.935
134	2268	43.9285
135	857	42.632999999999996
136	5979	42.334500000000006
137	5175	42.332
138	55715	41.734
139	2213	39.2315
140	7410	38.4305
141	25970	38.331
142	26191	38.327999999999996
143	1457	37.695
144	2260	37.1205
145	930	36.53
146	5580	36.2275
147	1441	35.229
148	4582	35.1265
149	1387	34.988
150	7462	34.7295
151	4739	32.227
152	5796	31.825
153	30011	31.323500000000003
154	10750	30.826
155	933	30.122000000000003
156	356	29.6255
157	4486	29.3245
158	9743	29.319
159	919	29.023000000000003
160	8440	28.6195
161	1499	28.6185
162	558	28.119999999999997
163	1000	27.018
164	238	24.615000000000002
165	23607	24.5215
166	10019	24.121000000000002
167	3561	22.9135
168	56955	22.4225
169	10399	22.124000000000002
170	58512	21.9155
171	2886	21.7145
172	3636	21.016
173	128853	20.317500000000003
174	3320	20.317
175	4627	19.5945
176	53358	19.213
177	83747	19.117
178	8091	18.8945
179	3312	18.608
180	2353	18.3905
181	170622	18.2935
182	1459	18.278
183	466	18.177500000000002
184	3725	17.9845
185	3159	17.883000000000003
186	1386	17.784
187	9252	17.69
188	4915	17.6125
189	1051	17.589
190	1958	17.477
191	6722	17.3615
192	6352	17.187
193	2033	17.0885
194	1052	16.9875
195	23054	16.875
196	602	16.7725
197	2908	16.676499999999997
198	940	16.610500000000002
199	5371	16.563499999999998
200	9612	16.4675
201	6503	16.4115
202	367	16.3755
203	1050	16.274
204	6667	16.1695
205	8853	16.112000000000002
206	5925	16.063
207	27071	16.0165
208	1432	15.870500000000002
209	2099	15.773500000000002
210	5599	15.471
211	6256	15.369
212	8648	15.2745
213	8202	15.1685
214	5468	15.062000000000001
215	7421	14.966
216	4088	14.866499999999998
217	2113	14.77
218	10499	14.668000000000001
219	974	14.6065
220	861	14.565000000000001
221	6597	14.4625
222	9611	14.361
223	672	14.264500000000002
224	4089	14.1595
225	4654	14.0585
226	3065	13.963999999999999
227	6908	13.767
228	8503	13.711000000000002
229	5451	13.6655
230	9325	13.572999999999999
231	640	13.4055
232	6599	13.359
233	4087	13.241
234	8841	13.160499999999999
235	6601	13.058000000000002
236	3066	12.9575
237	7067	12.851499999999998
238	2533	12.8085
239	9103	12.805000000000001
240	5914	12.76
241	6595	12.6565
242	6996	12.553
243	25942	12.455
244	6598	12.357
245	6602	12.254000000000001
246	2959	12.1545
247	3297	12.0535
248	8850	11.956
249	7157	11.855500000000001
250	5601	11.7125
251	80831	11.706999999999999
252	3091	11.679
253	4435	11.5825
254	5338	11.501999999999999
255	7341	11.4525
256	7155	11.352
257	2114	11.1005
258	6605	11.051
259	5241	10.9505
260	8289	10.85
261	57492	10.747499999999999
262	6603	10.6485
263	6604	10.549
264	1024	10.448
265	2962	10.347
266	54760	10.246500000000001
267	9412	10.145999999999999
268	86	10.0455
269	892	9.945
270	7275	9.9095
271	2965	9.8445
272	10589	9.744
273	8471	9.709999999999999
274	2960	9.6435
275	5430	9.543000000000001
276	6004	9.5045
277	2071	9.442
278	2967	9.3415
279	1022	9.2425
280	9031	9.14
281	5928	9.0395
282	916	9.006
283	6872	8.9405
284	8819	8.838
285	51742	8.7375
286	3621	8.636
287	5931	8.537
288	6880	8.438500000000001
289	9219	8.3365
290	50852	8.307500000000001
291	10284	8.2355
292	53615	8.135
293	6878	8.0345
294	5170	8.001000000000001
295	8189	7.934
296	23624	7.9079999999999995
297	53981	7.833499999999999
298	4297	7.733
299	6883	7.6325
300	5929	7.531999999999999
301	23028	7.4315
302	1107	7.330500000000001
303	11091	7.231
304	8467	7.1285
305	8932	7.0295000000000005
306	2209	7.0005
307	1108	6.93
308	5901	6.828
309	57459	6.729000000000001
310	1795	6.7090000000000005
311	5977	6.6275
312	9343	6.526999999999999
313	4609	6.4265
314	7528	6.325
315	2969	6.2255
316	23309	6.121
317	9112	6.0205
318	23186	5.92
319	7750	5.8195
320	9203	5.718999999999999
321	1487	5.6165
322	27240	5.603
323	51317	5.5185
324	4204	5.4145
325	23199	5.318
326	3360	5.217499999999999
327	10362	5.115
328	1969	5.104
329	8290	4.9085
330	60	4.826
331	3308	4.715999999999999
332	10498	4.6495
333	3054	4.412
334	64426	4.3115000000000006
335	8473	4.211
336	9739	4.1105
337	9070	4.01
338	85509	3.914
339	55193	3.839
340	4602	3.7090000000000005
341	54815	3.6130000000000004
342	1025	3.5244999999999997
343	11198	3.4240000000000004
344	3516	3.3229999999999995
345	5469	3.2235
346	5578	3.2120000000000006
347	196528	3.022
348	25855	2.9074999999999998
349	51412	2.8155
350	25759	2.8015
351	4298	2.503
352	3164	2.4225000000000003
353	5590	2.409
354	3326	2.3785
355	2048	2.302
356	9046	2.2035
357	3622	2.1055
358	1869	2.0215
359	1017	1.9065
360	55636	1.807
361	3020	1.7094999999999998
362	5587	1.6085
363	2904	1.607
364	6830	1.506
365	142	1.3050000000000002
366	5926	1.204
367	79595	1.1035
368	973	1.1025
369	3690	0.9005000000000001
370	64714	0.40149999999999997
371	417	0.0985
372	140803	0.096
373	54822	0.0955
374	10627	0.095
375	3150	0.094
376	4637	0.094
377	3460	0.0935
378	1147	0.0935
379	22984	0.093
380	9093	0.093
381	11035	0.093
382	3458	0.0925
383	71	0.0925
384	85477	0.092
385	639	0.0915
386	4215	0.0915
387	203068	0.091
388	790	0.0905
389	8517	0.09
390	1831	0.0895
391	8737	0.0895
392	113457	0.089
393	3305	0.0885
394	6885	0.088
395	3551	0.0875
396	7278	0.087
397	10382	0.0865
398	8767	0.086
399	1385	0.086
400	5971	0.08549999999999999
401	4792	0.08499999999999999
402	4791	0.08449999999999999
403	9020	0.08399999999999999
404	4794	0.08349999999999999
405	92609	0.08299999999999999
406	3661	0.08199999999999999
407	3313	0.08199999999999999
408	3665	0.08149999999999999
409	4793	0.08149999999999999
410	1326	0.081
411	5966	0.0805
412	163732	0.08
413	3303	0.08
414	10370	0.0795
415	805	0.0795
416	2734	0.079
417	328	0.0785
418	29110	0.078
419	3309	0.077
420	23118	0.076
421	1213	0.0755
422	7186	0.075
423	10010	0.0745
424	9641	0.074
425	808	0.0735
426	801	0.073
427	8717	0.0725
428	4214	0.072
429	7133	0.0715
430	9532	0.071
431	3310	0.0705
432	3301	0.06999999999999999
433	7185	0.06949999999999999
434	10454	0.06899999999999999
435	10401	0.06899999999999999
436	347733	0.0685
437	7189	0.068
438	7314	0.0675
439	409	0.067
440	2002	0.067
441	708	0.0665
442	8607	0.066
443	7311	0.0655
444	6233	0.065
445	7316	0.0645
446	4646	0.064
447	408	0.0635
448	220717	0.063
449	11140	0.0625
450	6156	0.062
451	6207	0.0615
452	1654	0.061
453	1917	0.0605
454	6128	0.06
455	6232	0.0595
456	10856	0.059
457	6205	0.058499999999999996
458	5521	0.057999999999999996
459	9349	0.057499999999999996
460	292	0.056999999999999995
461	4869	0.056499999999999995
462	6202	0.05600000000000001
463	7704	0.05600000000000001
464	6188	0.05550000000000001
465	8454	0.05500000000000001
466	6217	0.05450000000000001
467	6208	0.054000000000000006
468	6204	0.053500000000000006
469	4691	0.053000000000000005
470	6191	0.052500000000000005
471	6129	0.052000000000000005
472	6141	0.051500000000000004
473	6130	0.051000000000000004
474	6181	0.0505
475	6222	0.05
476	6223	0.0495
477	6146	0.049
478	6224	0.0485
479	6229	0.048
480	6203	0.0475
481	2091	0.047
482	6189	0.0465
483	6124	0.046
484	6206	0.0455
485	6135	0.045
486	6176	0.0445
487	25873	0.044
488	6193	0.0435
489	6218	0.043
490	3921	0.042499999999999996
491	6122	0.041999999999999996
492	6161	0.041499999999999995
493	6169	0.040999999999999995
494	2197	0.0405
495	6171	0.04
496	6155	0.0395
497	140032	0.039
498	6231	0.0385
499	6192	0.038
500	6167	0.0375
501	6227	0.037
502	6230	0.0365
503	6164	0.036
504	6234	0.0355
505	6170	0.034999999999999996
506	497661	0.034499999999999996
507	6209	0.034
508	6235	0.0335
509	6173	0.033
510	4736	0.0325
511	6228	0.032
512	6125	0.0315
513	6132	0.031
514	6165	0.0305
515	6175	0.03
516	6137	0.0295
517	6133	0.028999999999999998
518	6210	0.028499999999999998
519	9045	0.028000000000000004
520	6160	0.027500000000000004
521	11224	0.027000000000000003
522	6152	0.026500000000000003
523	6134	0.026000000000000002
524	6138	0.025500000000000002
525	6143	0.025
526	6168	0.0245
527	6194	0.024
528	6157	0.0235
529	6142	0.023
530	6147	0.0225
531	2957	0.0225
532	6136	0.022
533	6201	0.0215
534	6144	0.020999999999999998
535	6158	0.020499999999999997
536	23521	0.02
537	6154	0.0195
538	6187	0.019
539	6159	0.0185
540	72	0.018
541	55681	0.017499999999999998
542	4673	0.017
543	7284	0.0165
544	8971	0.016
545	55131	0.0155
546	7846	0.015
547	9188	0.014499999999999999
548	3007	0.014000000000000002
549	57504	0.013500000000000002
550	11137	0.013500000000000002
551	2623	0.013500000000000002
552	8342	0.013000000000000001
553	6882	0.013000000000000001
554	6727	0.0125
555	6949	0.012
556	51602	0.0115
557	9221	0.011
558	573	0.011
559	55299	0.010499999999999999
560	4904	0.01
561	1938	0.0095
562	81027	0.009
563	6732	0.0085
564	51631	0.008
565	7044	0.008
566	26156	0.0075
567	3178	0.007000000000000001
568	9759	0.007000000000000001
569	10969	0.006500000000000001
570	5581	0.006
571	10514	0.006
572	4670	0.0055
573	3609	0.005
574	902	0.005
575	11177	0.0045
576	10642	0.0045
577	4331	0.0045
578	55646	0.004
579	2961	0.004
580	58480	0.0035000000000000005
581	3192	0.0035000000000000005
582	2966	0.0035000000000000005
583	10044	0.003
584	26354	0.003
585	2068	0.003
586	1601	0.0025
587	10735	0.0025
588	2888	0.0025
589	3608	0.0025
590	2968	0.0025
591	8751	0.002
592	10274	0.002
593	7150	0.002
594	5435	0.002
595	5894	0.0015
596	10891	0.0015
597	1915	0.0015
598	2963	0.0015
599	3265	0.001
600	5885	0.001
601	921	0.001
602	4809	0.001
603	5440	0.001
604	1154	0.0005
605	1660	0.0005
606	85358	0.0005
607	5438	0.0005
