rank	node	rank_score
1	5583	157.3985
2	821	152.482
3	5588	150.28400000000002
4	5590	148.99099999999999
5	5584	148.7955
6	5582	147.087
7	1080	145.46949999999998
8	5734	145.1885
9	5566	144.399
10	5581	143.786
11	4900	143.6835
12	5580	142.59
13	5579	141.7795
14	2890	141.4815
15	120	140.98250000000002
16	1615	138.7
17	2893	138.38
18	65108	137.673
19	5578	137.48899999999998
20	433	133.56599999999997
21	7534	133.198
22	2560	132.58800000000002
23	2902	132.075
24	2931	130.083
25	7504	129.8655
26	5243	128.6855
27	7431	127.78099999999999
28	1267	127.46300000000001
29	3150	126.596
30	5341	125.564
31	4985	125.077
32	119	123.38050000000001
33	917	123.26100000000001
34	60312	121.585
35	846	120.85900000000001
36	2781	119.9675
37	5568	119.4775
38	26502	118.3975
39	6876	118.0575
40	301	117.87249999999999
41	9421	117.17849999999999
42	4001	117.0895
43	118	116.878
44	4225	116.579
45	150	116.28450000000001
46	4627	116.071
47	4842	114.47200000000001
48	2673	114.07649999999998
49	5567	113.97550000000001
50	2915	113.276
51	2769	112.96700000000001
52	25780	112.6685
53	5066	111.953
54	624	110.97049999999999
55	1103	110.968
56	7137	109.974
57	5587	109.0875
58	2243	106.3735
59	6199	106.357
60	2566	106.2515
61	10287	105.3625
62	2561	102.2505
63	2152	101.4425
64	960	101.1495
65	2904	99.9645
66	6714	99.8595
67	5782	99.465
68	5894	99.1745
69	1601	98.85499999999999
70	3105	97.7715
71	9267	97.238
72	94274	93.5865
73	54866	93.46900000000001
74	3320	89.9635
75	3875	89.25399999999999
76	1956	87.447
77	2670	84.852
78	4869	83.6665
79	156	83.6585
80	7074	83.5535
81	815	83.45
82	7037	83.16
83	9338	82.662
84	302	82.6605
85	2911	81.9565
86	4082	81.9375
87	3749	80.67
88	3706	79.0415
89	3376	78.6995
90	4233	78.458
91	9521	77.197
92	3326	76.849
93	126393	76.19500000000001
94	5917	76.0945
95	3643	75.5485
96	1655	75.336
97	5788	74.64349999999999
98	9590	74.146
99	10399	73.8545
100	7532	70.84700000000001
101	151242	70.0975
102	154	70.04549999999999
103	22927	68.18299999999999
104	4689	67.926
105	6236	66.44200000000001
106	9266	65.4525
107	1915	65.30550000000001
108	4950	65.056
109	3667	63.843
110	5132	62.99400000000001
111	334	60.132999999999996
112	3316	59.1
113	5770	58.545
114	8682	58.135000000000005
115	3932	58.12950000000001
116	51520	57.596500000000006
117	9255	57.293000000000006
118	3689	57.03150000000001
119	4141	56.692499999999995
120	3769	56.6345
121	339487	56.492
122	5859	56.2915
123	7965	56.290499999999994
124	6915	55.9615
125	2058	55.19349999999999
126	55157	55.150999999999996
127	801	52.739
128	1439	52.644000000000005
129	9495	52.244499999999995
130	1386	51.8355
131	8736	50.748000000000005
132	3269	49.947500000000005
133	818	46.8365
134	3184	46.8305
135	8344	44.4265
136	4637	43.5175
137	10128	43.317
138	203068	43.108
139	3312	43.105000000000004
140	3554	42.148
141	498	40.919
142	2771	39.128
143	6383	38.7255
144	3559	37.822500000000005
145	8664	37.3195
146	4311	37.116
147	10202	36.8215
148	10010	36.797000000000004
149	3329	36.713499999999996
150	9641	36.3925
151	1933	36.2205
152	920	35.724000000000004
153	8517	35.045500000000004
154	3842	34.927499999999995
155	3017	34.540499999999994
156	2597	34.4145
157	10056	34.019999999999996
158	3187	34.009
159	15	33.537
160	6944	33.340999999999994
161	7419	33.216499999999996
162	7417	32.118
163	5909	31.820999999999998
164	309	30.723000000000003
165	2023	30.525
166	9020	29.9075
167	4070	29.7725
168	7416	29.410000000000004
169	7430	29.3365
170	6223	29.012
171	3837	28.115
172	3646	28.0185
173	10480	28.012999999999998
174	27335	27.814
175	6749	27.6055
176	10369	26.7865
177	3551	25.8315
178	6204	25.706
179	8662	24.9125
180	6202	23.801499999999997
181	8663	23.7115
182	1654	23.5075
183	3178	23.5065
184	5170	23.23
185	207	23.134
186	8668	22.5105
187	572	22.1325
188	60	21.8155
189	1974	21.5095
190	6130	20.5165
191	3921	20.307
192	688	20.259999999999998
193	5901	20.111
194	6624	20.0385
195	7846	19.9025
196	6146	19.602
197	6129	19.200499999999998
198	100529262	18.5975
199	10672	18.3375
200	6206	18.1035
201	6201	17.9105
202	4791	17.691
203	6207	17.611
204	4794	17.59
205	26355	17.3835
206	5245	16.808500000000002
207	3480	16.422
208	5037	16.3555
209	6191	16.315
210	6175	16.101
211	816	16.025
212	2316	16.0115
213	3181	15.904
214	708	15.775
215	6229	15.703
216	6141	15.012
217	6135	14.61
218	1213	14.5785
219	3280	14.334999999999999
220	817	13.8245
221	9816	13.738999999999999
222	2534	13.621
223	11033	13.4785
224	2885	13.433499999999999
225	6156	13.305000000000001
226	409	13.107
227	6222	12.7045
228	4691	12.618500000000001
229	401152	12.427
230	4904	12.0135
231	286151	11.9465
232	5778	11.7295
233	2887	11.3245
234	6128	10.703
235	6176	10.5155
236	2764	10.125499999999999
237	6205	9.4015
238	7873	9.392
239	6132	8.602500000000001
240	10000	8.429
241	7054	8.334
242	5595	8.235499999999998
243	673	8.1395
244	6125	8.004
245	7442	7.749
246	1445	7.733
247	5787	7.6235
248	4780	7.433
249	6203	7.4094999999999995
250	2130	6.9435
251	6189	6.912999999999999
252	488	6.8405000000000005
253	2562	6.7540000000000004
254	8826	6.5409999999999995
255	3856	6.529999999999999
256	4736	6.402000000000001
257	5747	6.202
258	6194	5.907
259	790	5.767
260	1147	5.684
261	1385	5.6345
262	4790	5.4799999999999995
263	3303	5.082
264	4215	4.8735
265	6155	4.7035
266	1938	4.2005
267	9045	3.7015000000000002
268	6774	3.6100000000000003
269	5594	3.34
270	6181	3.2034999999999996
271	6133	3.1005
272	9221	3.008
273	9919	2.9829999999999997
274	8065	2.4045
275	72	2.2039999999999997
276	55131	1.9015
277	857	1.7079999999999997
278	7533	1.4375
279	388698	1.1085
280	6218	1.101
281	6170	1.006
282	25	1.0035
283	6228	0.915
284	9188	0.601
285	6217	0.541
286	6161	0.503
287	6772	0.3025
288	149986	0.098
289	79054	0.0955
290	23387	0.095
291	84552	0.0925
292	9315	0.0905
293	3305	0.089
294	64343	0.089
295	113457	0.0885
296	10382	0.088
297	4793	0.087
298	4792	0.0865
299	7278	0.086
300	5970	0.08549999999999999
301	1326	0.08499999999999999
302	2932	0.08449999999999999
303	5971	0.08249999999999999
304	55346	0.08199999999999999
305	29110	0.08149999999999999
306	3309	0.081
307	6885	0.0795
308	7189	0.079
309	7186	0.078
310	2734	0.0775
311	71	0.077
312	5966	0.0765
313	808	0.076
314	6500	0.0745
315	3313	0.074
316	23291	0.073
317	805	0.0725
318	23118	0.072
319	8767	0.0715
320	8737	0.071
321	9532	0.0705
322	11035	0.06999999999999999
323	10856	0.06949999999999999
324	10454	0.06899999999999999
325	8717	0.0685
326	3310	0.068
327	7132	0.0675
328	7133	0.0665
329	92609	0.066
330	8607	0.0655
331	4214	0.065
332	7185	0.0645
333	11140	0.064
334	3301	0.0635
335	10788	0.063
336	347733	0.0625
337	7316	0.0605
338	220717	0.06
339	5437	0.0595
340	9462	0.057999999999999996
341	4628	0.057499999999999996
342	8454	0.056499999999999995
343	5134	0.05600000000000001
344	4528	0.05550000000000001
345	84172	0.05500000000000001
346	51082	0.05450000000000001
347	64425	0.054000000000000006
348	10849	0.053500000000000006
349	25885	0.053000000000000005
350	3838	0.052500000000000005
351	5441	0.052000000000000005
352	4163	0.051500000000000004
353	5537	0.051000000000000004
354	2768	0.0505
355	1917	0.0505
356	6232	0.05
357	55664	0.0495
358	7314	0.049
359	7311	0.0485
360	359	0.0475
361	2011	0.0475
362	6233	0.0475
363	150684	0.047
364	408	0.046
365	1457	0.0455
366	152185	0.045
367	9349	0.045
368	5290	0.0445
369	6198	0.044
370	6188	0.044
371	153	0.0435
372	57007	0.043
373	3014	0.043
374	1499	0.042499999999999996
375	5708	0.041499999999999995
376	490	0.0405
377	58	0.04
378	7415	0.04
379	5338	0.0395
380	208	0.039
381	5860	0.0375
382	8453	0.037
383	2549	0.036
384	292	0.0355
385	10985	0.034999999999999996
386	3751	0.034499999999999996
387	11269	0.034
388	653361	0.0335
389	2099	0.033
390	6197	0.0325
391	6001	0.0325
392	6208	0.0325
393	5530	0.032
394	7153	0.032
395	5781	0.032
396	10818	0.0315
397	3151	0.031
398	1432	0.031
399	6897	0.031
400	6224	0.0305
401	4738	0.0295
402	6323	0.028999999999999998
403	6709	0.028499999999999998
404	5208	0.028499999999999998
405	5335	0.028499999999999998
406	6152	0.028499999999999998
407	84254	0.028000000000000004
408	6165	0.028000000000000004
409	983	0.027500000000000004
410	83939	0.027500000000000004
411	4137	0.027000000000000003
412	3691	0.027000000000000003
413	140032	0.027000000000000003
414	1387	0.026500000000000003
415	79026	0.026000000000000002
416	5795	0.026000000000000002
417	1642	0.025500000000000002
418	5979	0.025
419	8451	0.025
420	2308	0.024
421	9252	0.0235
422	9040	0.0235
423	1459	0.023
424	6464	0.023
425	3035	0.023
426	4638	0.0225
427	3717	0.0225
428	50649	0.0225
429	4067	0.022
430	8883	0.022
431	1390	0.0215
432	6137	0.0215
433	2057	0.020999999999999998
434	6136	0.020999999999999998
435	10436	0.020499999999999997
436	7529	0.0195
437	4486	0.0195
438	6446	0.019
439	867	0.019
440	2072	0.019
441	7249	0.0185
442	5777	0.0185
443	6196	0.018
444	6160	0.018
445	1051	0.017499999999999998
446	5295	0.017499999999999998
447	6210	0.017499999999999998
448	3297	0.017
449	3903	0.017
450	4174	0.017
451	466	0.0165
452	6622	0.016
453	55824	0.016
454	6187	0.016
455	6195	0.0155
456	5175	0.0155
457	7248	0.015
458	10603	0.015
459	5599	0.014499999999999999
460	4914	0.014499999999999999
461	6548	0.014000000000000002
462	56848	0.014000000000000002
463	728937	0.014000000000000002
464	23362	0.013500000000000002
465	6850	0.013500000000000002
466	4173	0.013500000000000002
467	1027	0.013000000000000001
468	9846	0.013000000000000001
469	8349	0.013000000000000001
470	5600	0.0125
471	613	0.0125
472	8450	0.0125
473	5604	0.012
474	3815	0.012
475	1796	0.0115
476	8452	0.0115
477	10627	0.0115
478	5058	0.011
479	7275	0.011
480	8554	0.011
481	7531	0.010499999999999999
482	7409	0.010499999999999999
483	9063	0.010499999999999999
484	5159	0.01
485	6612	0.01
486	367	0.0095
487	6654	0.0095
488	6159	0.0095
489	3925	0.009
490	5287	0.009
491	6144	0.009
492	10749	0.0085
493	5111	0.0085
494	1399	0.008
495	29904	0.0075
496	2690	0.0075
497	6154	0.0075
498	5601	0.007000000000000001
499	7297	0.007000000000000001
500	7150	0.006500000000000001
501	5829	0.006500000000000001
502	3192	0.006500000000000001
503	2064	0.006500000000000001
504	9129	0.006500000000000001
505	9261	0.006
506	5921	0.006
507	23450	0.006
508	836	0.0055
509	3937	0.0055
510	5597	0.0045
511	6777	0.0045
512	1020	0.004
513	6776	0.004
514	2091	0.004
515	3716	0.0035000000000000005
516	6667	0.003
517	3560	0.003
518	6169	0.003
519	6138	0.003
520	10451	0.0025
521	6134	0.0025
522	6124	0.0025
523	7525	0.002
524	6171	0.002
525	497661	0.002
526	5602	0.0015
527	6209	0.0015
528	1017	0.001
529	25970	0.001
530	994	0.0005
531	221092	0.0005
532	5156	0.0005
533	10969	0.0005
