rank	node	rank_score
1	11186	178.097
2	2264	175.8985
3	1030	174.2965
4	5606	172.69549999999998
5	7157	171.6925
6	6794	171.5915
7	4609	171.0975
8	26524	170.59
9	11014	170.498
10	894	166.6945
11	5607	166.59300000000002
12	1021	165.891
13	207	165.596
14	8463	165.1875
15	1019	164.5885
16	2911	164.1935
17	5156	163.9905
18	1969	162.789
19	4771	161.392
20	7015	161.195
21	5894	161.087
22	3082	160.3845
23	5608	160.281
24	8678	159.7865
25	84662	158.68800000000002
26	1031	158.484
27	960	155.4895
28	405	155.286
29	51343	155.1855
30	23624	152.882
31	898	151.9835
32	369	150.185
33	6790	149.67849999999999
34	4194	148.0815
35	4217	147.7795
36	3091	147.48250000000002
37	340273	146.38
38	7316	144.606
39	2648	142.977
40	7248	142.478
41	94015	141.594
42	1499	140.6745
43	1432	139.176
44	5970	135.379
45	3265	133.7595
46	2113	130.6775
47	367	130.074
48	5599	129.2685
49	5925	126.67150000000001
50	3480	126.0615
51	421	125.06599999999999
52	5295	122.9645
53	3841	119.6665
54	5747	118.55850000000001
55	6714	118.47350000000002
56	867	118.26500000000001
57	5604	117.654
58	5578	116.9
59	1500	116.46399999999998
60	3836	115.149
61	1501	115.05
62	6464	114.45450000000001
63	5979	114.26199999999999
64	5781	109.45349999999999
65	219681	108.955
66	1956	108.772
67	2624	108.383
68	5910	107.96300000000001
69	150709	107.96
70	7867	107.94850000000001
71	6654	107.15900000000002
72	8502	105.758
73	3872	103.146
74	5058	101.34049999999999
75	25852	100.453
76	9576	99.661
77	3667	99.25550000000001
78	3717	96.85650000000001
79	7532	96.2635
80	23633	95.356
81	93436	92.24249999999999
82	2057	91.647
83	3643	90.848
84	5296	90.74549999999999
85	79637	90.345
86	5594	89.5675
87	4193	89.1695
88	11187	88.4435
89	55156	88.0505
90	5829	87.84
91	6789	86.7625
92	7534	86.3605
93	1399	82.751
94	4782	82.268
95	25	80.6575
96	4921	79.1385
97	50943	77.2175
98	5318	77.0415
99	4486	75.635
100	5777	75.0515
101	1398	74.941
102	2309	74.7705
103	868	73.643
104	4089	73.22
105	1436	73.12100000000001
106	5566	72.475
107	2690	71.8185
108	2065	71.644
109	2885	70.838
110	2185	70.0495
111	7533	69.639
112	7409	69.2475
113	10461	67.9465
114	27	67.03
115	6452	65.5365
116	6850	65.037
117	1445	64.52250000000001
118	148979	62.7805
119	58480	62.730999999999995
120	5595	62.729
121	9261	62.44200000000001
122	2260	62.028499999999994
123	660	61.932500000000005
124	3932	61.6275
125	10298	61.3395
126	7535	61.2355
127	2322	59.928
128	3572	59.315
129	940	58.736000000000004
130	10580	55.934000000000005
131	3636	55.426
132	10971	53.7375
133	2066	53.144499999999994
134	3815	52.53150000000001
135	3937	52.527
136	3326	49.2765
137	2321	49.0135
138	2534	48.9255
139	408	48.8455
140	2533	48.324
141	83737	46.6235
142	5602	46.4445
143	6659	46.0755
144	6446	43.2045
145	6300	42.033500000000004
146	5770	41.900999999999996
147	5588	41.525
148	30011	41.516
149	2213	41.510000000000005
150	4904	41.4095
151	11122	41.232
152	7010	40.8005
153	9046	40.7155
154	5170	40.022000000000006
155	55620	39.9015
156	51305	39.799
157	4690	39.4245
158	3702	39.126
159	50616	35.4305
160	2099	34.8525
161	5294	34.721500000000006
162	8945	34.239999999999995
163	5728	33.5785
164	1950	31.433
165	6658	30.673000000000002
166	5371	29.871000000000002
167	5795	29.723000000000003
168	5335	29.514
169	2932	29.363999999999997
170	10273	29.066499999999998
171	150	29.002999999999997
172	916	28.5245
173	7128	28.518
174	1271	27.617
175	11221	27.305500000000002
176	7529	26.5345
177	4915	26.5075
178	919	25.902499999999996
179	5921	25.613
180	7066	24.3205
181	9322	23.819
182	4734	23.2395
183	8648	23.0035
184	5753	22.311500000000002
185	1387	21.254
186	3791	20.811
187	3718	20.219
188	2241	20.067500000000003
189	100302746	20.052
190	25970	19.8995
191	2044	19.814500000000002
192	72	19.7985
193	238	18.604
194	2048	18.109
195	7048	16.2295
196	6885	16.204
197	4088	15.763
198	2033	15.5725
199	5579	15.506499999999999
200	10	15.480500000000001
201	23657	15.2775
202	56957	15.276
203	1026	14.077000000000002
204	1785	13.3045
205	81788	12.659
206	2308	12.4725
207	3689	12.4265
208	4293	12.3195
209	5527	11.818999999999999
210	4792	11.312000000000001
211	6772	11.112
212	6776	11.0125
213	5163	9.9205
214	10188	9.802000000000001
215	7531	9.657
216	55816	9.126000000000001
217	5618	8.7325
218	8651	8.2055
219	64399	8.2015
220	2046	7.902000000000001
221	7043	7.753
222	7852	6.008
223	5037	6.0009999999999994
224	5601	5.906000000000001
225	5788	5.900499999999999
226	8440	5.402
227	2017	4.907
228	23607	4.5055
229	695	4.4085
230	3690	4.308
231	6416	4.1105
232	7189	4.019
233	1852	3.5174999999999996
234	10603	3.5125
235	9479	2.8005000000000004
236	4067	2.4050000000000002
237	3549	2.4050000000000002
238	1859	2.4035
239	2811	1.8165
240	4916	1.8065000000000002
241	3568	1.7025
242	1613	1.611
243	6732	1.308
244	5610	1.1115
245	2268	1.0085000000000002
246	9252	0.8055
247	9101	0.656
248	9846	0.305
249	2877	0.098
250	10008	0.098
251	50484	0.0975
252	22904	0.097
253	9791	0.096
254	55323	0.096
255	50838	0.0785
256	10413	0.0765
257	1022	0.075
258	55872	0.074
259	9113	0.0735
260	55294	0.073
261	572	0.072
262	3769	0.0715
263	9043	0.0715
264	57580	0.071
265	3551	0.0705
266	1602	0.06999999999999999
267	56924	0.06899999999999999
268	6497	0.0685
269	596	0.068
270	472	0.0675
271	6929	0.067
272	558	0.067
273	3320	0.067
274	5315	0.0655
275	5287	0.0635
276	1027	0.0635
277	4303	0.0595
278	11124	0.05450000000000001
279	7161	0.053500000000000006
280	339521	0.052000000000000005
281	4306	0.020499999999999997
282	5582	0.0165
283	3984	0.0115
284	3565	0.0115
285	5803	0.010499999999999999
286	5515	0.01
287	9021	0.0075
288	3588	0.0075
289	7046	0.0055
290	2263	0.005
291	64759	0.0025
292	2623	0.0005
